{
  "312": {
    "geom_id": 75,
    "geom_name": "gripper0_right_wiping_surface_vis",
    "body_id": 14,
    "body_name": "gripper0_right_wiping_gripper",
    "initial_keypoint": [
      -0.07956781041899252,
      -0.059982595591772,
      1.110854841741545
    ],
    "initial_pos": [
      -0.10403607000100368,
      -0.005744117867124432,
      1.097130734769955
    ],
    "initial_rot": [
      [
        -0.031673153931998946,
        0.9875987416790288,
        0.1537710530431406
      ],
      [
        0.9994239752715934,
        0.0331696698375689,
        -0.007175698933887101
      ],
      [
        -0.012187246297790735,
        0.15345520009717212,
        -0.9880804484407185
      ]
    ],
    "keypoint_offset": [
      0.024468259582011154,
      -0.054238477724647564,
      0.013724106971589878
    ]
  },
  "313": {
    "geom_id": 75,
    "geom_name": "gripper0_right_wiping_surface_vis",
    "body_id": 14,
    "body_name": "gripper0_right_wiping_gripper",
    "initial_keypoint": [
      -0.0765636046086744,
      -0.06116163362632483,
      1.0917186653657915
    ],
    "initial_pos": [
      -0.10403607000100368,
      -0.005744117867124432,
      1.097130734769955
    ],
    "initial_rot": [
      [
        -0.031673153931998946,
        0.9875987416790288,
        0.1537710530431406
      ],
      [
        0.9994239752715934,
        0.0331696698375689,
        -0.007175698933887101
      ],
      [
        -0.012187246297790735,
        0.15345520009717212,
        -0.9880804484407185
      ]
    ],
    "keypoint_offset": [
      0.02747246539232928,
      -0.0554175157592004,
      -0.0054120694041635
    ]
  },
  "336": {
    "geom_id": 75,
    "geom_name": "gripper0_right_wiping_surface_vis",
    "body_id": 14,
    "body_name": "gripper0_right_wiping_gripper",
    "initial_keypoint": [
      -0.08019651473381628,
      -0.04003177572597825,
      1.1105954215491818
    ],
    "initial_pos": [
      -0.10403607000100368,
      -0.005744117867124432,
      1.097130734769955
    ],
    "initial_rot": [
      [
        -0.031673153931998946,
        0.9875987416790288,
        0.1537710530431406
      ],
      [
        0.9994239752715934,
        0.0331696698375689,
        -0.007175698933887101
      ],
      [
        -0.012187246297790735,
        0.15345520009717212,
        -0.9880804484407185
      ]
    ],
    "keypoint_offset": [
      0.023839555267187396,
      -0.034287657858853814,
      0.013464686779226742
    ]
  },
  "337": {
    "geom_id": 75,
    "geom_name": "gripper0_right_wiping_surface_vis",
    "body_id": 14,
    "body_name": "gripper0_right_wiping_gripper",
    "initial_keypoint": [
      -0.07720329276119942,
      -0.04081966099094937,
      1.0914321063314314
    ],
    "initial_pos": [
      -0.10403607000100368,
      -0.005744117867124432,
      1.097130734769955
    ],
    "initial_rot": [
      [
        -0.031673153931998946,
        0.9875987416790288,
        0.1537710530431406
      ],
      [
        0.9994239752715934,
        0.0331696698375689,
        -0.007175698933887101
      ],
      [
        -0.012187246297790735,
        0.15345520009717212,
        -0.9880804484407185
      ]
    ],
    "keypoint_offset": [
      0.026832777239804262,
      -0.03507554312382494,
      -0.005698628438523645
    ]
  },
  "360": {
    "geom_id": 75,
    "geom_name": "gripper0_right_wiping_surface_vis",
    "body_id": 14,
    "body_name": "gripper0_right_wiping_gripper",
    "initial_keypoint": [
      -0.08082849914134682,
      -0.020037690353543715,
      1.11033464790296
    ],
    "initial_pos": [
      -0.10403607000100368,
      -0.005744117867124432,
      1.097130734769955
    ],
    "initial_rot": [
      [
        -0.031673153931998946,
        0.9875987416790288,
        0.1537710530431406
      ],
      [
        0.9994239752715934,
        0.0331696698375689,
        -0.007175698933887101
      ],
      [
        -0.012187246297790735,
        0.15345520009717212,
        -0.9880804484407185
      ]
    ],
    "keypoint_offset": [
      0.023207570859656856,
      -0.014293572486419284,
      0.013203913133005063
    ]
  },
  "361": {
    "geom_id": 75,
    "geom_name": "gripper0_right_wiping_surface_vis",
    "body_id": 14,
    "body_name": "gripper0_right_wiping_gripper",
    "initial_keypoint": [
      -0.07784437735866367,
      -0.02043249916027892,
      1.091144921736145
    ],
    "initial_pos": [
      -0.10403607000100368,
      -0.005744117867124432,
      1.097130734769955
    ],
    "initial_rot": [
      [
        -0.031673153931998946,
        0.9875987416790288,
        0.1537710530431406
      ],
      [
        0.9994239752715934,
        0.0331696698375689,
        -0.007175698933887101
      ],
      [
        -0.012187246297790735,
        0.15345520009717212,
        -0.9880804484407185
      ]
    ],
    "keypoint_offset": [
      0.026191692642340003,
      -0.014688381293154487,
      -0.005985813033809961
    ]
  },
  "384": {
    "geom_id": 75,
    "geom_name": "gripper0_right_wiping_surface_vis",
    "body_id": 14,
    "body_name": "gripper0_right_wiping_gripper",
    "initial_keypoint": [
      -0.0814618552240094,
      0.0,
      1.1100733082669425
    ],
    "initial_pos": [
      -0.10403607000100368,
      -0.005744117867124432,
      1.097130734769955
    ],
    "initial_rot": [
      [
        -0.031673153931998946,
        0.9875987416790288,
        0.1537710530431406
      ],
      [
        0.9994239752715934,
        0.0331696698375689,
        -0.007175698933887101
      ],
      [
        -0.012187246297790735,
        0.15345520009717212,
        -0.9880804484407185
      ]
    ],
    "keypoint_offset": [
      0.022574214776994284,
      0.005744117867124432,
      0.012942573496987464
    ]
  },
  "385": {
    "geom_id": 75,
    "geom_name": "gripper0_right_wiping_surface_vis",
    "body_id": 14,
    "body_name": "gripper0_right_wiping_gripper",
    "initial_keypoint": [
      -0.07848691658627271,
      0.0,
      1.0908570855148936
    ],
    "initial_pos": [
      -0.10403607000100368,
      -0.005744117867124432,
      1.097130734769955
    ],
    "initial_rot": [
      [
        -0.031673153931998946,
        0.9875987416790288,
        0.1537710530431406
      ],
      [
        0.9994239752715934,
        0.0331696698375689,
        -0.007175698933887101
      ],
      [
        -0.012187246297790735,
        0.15345520009717212,
        -0.9880804484407185
      ]
    ],
    "keypoint_offset": [
      0.025549153414730963,
      0.005744117867124432,
      -0.006273649255061464
    ]
  },
  "398": {
    "geom_id": 121,
    "geom_name": "light_cube_g0_vis",
    "body_id": 23,
    "body_name": "light_cube_main",
    "initial_keypoint": [
      0.05610793302172723,
      0.0,
      0.8416670191114528
    ],
    "initial_pos": [
      0.04908274050616579,
      0.02000401701052834,
      0.8307606153769648
    ],
    "initial_rot": [
      [
        -0.8792321787444998,
        0.476393509464812,
        0.0
      ],
      [
        -0.476393509464812,
        -0.8792321787444998,
        0.0
      ],
      [
        0.0,
        0.0,
        0.9999999999999999
      ]
    ],
    "keypoint_offset": [
      0.00702519251556144,
      -0.02000401701052834,
      0.010906403734488035
    ]
  },
  "408": {
    "geom_id": 75,
    "geom_name": "gripper0_right_wiping_surface_vis",
    "body_id": 14,
    "body_name": "gripper0_right_wiping_gripper",
    "initial_keypoint": [
      -0.08209658298180389,
      0.020081437296703312,
      1.1098114026411297
    ],
    "initial_pos": [
      -0.10403607000100368,
      -0.005744117867124432,
      1.097130734769955
    ],
    "initial_rot": [
      [
        -0.031673153931998946,
        0.9875987416790288,
        0.1537710530431406
      ],
      [
        0.9994239752715934,
        0.0331696698375689,
        -0.007175698933887101
      ],
      [
        -0.012187246297790735,
        0.15345520009717212,
        -0.9880804484407185
      ]
    ],
    "keypoint_offset": [
      0.021939487019199788,
      0.025825555163827743,
      0.012680667871174611
    ]
  },
  "409": {
    "geom_id": 75,
    "geom_name": "gripper0_right_wiping_surface_vis",
    "body_id": 14,
    "body_name": "gripper0_right_wiping_gripper",
    "initial_keypoint": [
      -0.07912893214702965,
      0.020477920844149226,
      1.0905694838789892
    ],
    "initial_pos": [
      -0.10403607000100368,
      -0.005744117867124432,
      1.097130734769955
    ],
    "initial_rot": [
      [
        -0.031673153931998946,
        0.9875987416790288,
        0.1537710530431406
      ],
      [
        0.9994239752715934,
        0.0331696698375689,
        -0.007175698933887101
      ],
      [
        -0.012187246297790735,
        0.15345520009717212,
        -0.9880804484407185
      ]
    ],
    "keypoint_offset": [
      0.024907137853974026,
      0.026222038711273658,
      -0.00656125089096582
    ]
  },
  "421": {
    "geom_id": 121,
    "geom_name": "light_cube_g0_vis",
    "body_id": 23,
    "body_name": "light_cube_main",
    "initial_keypoint": [
      0.034202386701236986,
      0.023516964180051968,
      0.8522501694810872
    ],
    "initial_pos": [
      0.04908274050616579,
      0.02000401701052834,
      0.8307606153769648
    ],
    "initial_rot": [
      [
        -0.8792321787444998,
        0.476393509464812,
        0.0
      ],
      [
        -0.476393509464812,
        -0.8792321787444998,
        0.0
      ],
      [
        0.0,
        0.0,
        0.9999999999999999
      ]
    ],
    "keypoint_offset": [
      -0.014880353804928803,
      0.0035129471695236267,
      0.021489554104122455
    ]
  },
  "422": {
    "geom_id": 121,
    "geom_name": "light_cube_g0_vis",
    "body_id": 23,
    "body_name": "light_cube_main",
    "initial_keypoint": [
      0.06532946184685051,
      0.02275675122780702,
      0.852227260180717
    ],
    "initial_pos": [
      0.04908274050616579,
      0.02000401701052834,
      0.8307606153769648
    ],
    "initial_rot": [
      [
        -0.8792321787444998,
        0.476393509464812,
        0.0
      ],
      [
        -0.476393509464812,
        -0.8792321787444998,
        0.0
      ],
      [
        0.0,
        0.0,
        0.9999999999999999
      ]
    ],
    "keypoint_offset": [
      0.016246721340684722,
      0.0027527342172786774,
      0.021466644803752266
    ]
  },
  "423": {
    "geom_id": 121,
    "geom_name": "light_cube_g0_vis",
    "body_id": 23,
    "body_name": "light_cube_main",
    "initial_keypoint": [
      0.0697159912555344,
      0.023391889441371716,
      0.821771517745728
    ],
    "initial_pos": [
      0.04908274050616579,
      0.02000401701052834,
      0.8307606153769648
    ],
    "initial_rot": [
      [
        -0.8792321787444998,
        0.476393509464812,
        0.0
      ],
      [
        -0.476393509464812,
        -0.8792321787444998,
        0.0
      ],
      [
        0.0,
        0.0,
        0.9999999999999999
      ]
    ],
    "keypoint_offset": [
      0.020633250749368615,
      0.003387872430843375,
      -0.008989097631236787
    ]
  },
  "432": {
    "geom_id": 75,
    "geom_name": "gripper0_right_wiping_surface_vis",
    "body_id": 14,
    "body_name": "gripper0_right_wiping_gripper",
    "initial_keypoint": [
      -0.08273274205277947,
      0.04020676761345868,
      1.1095489064172694
    ],
    "initial_pos": [
      -0.10403607000100368,
      -0.005744117867124432,
      1.097130734769955
    ],
    "initial_rot": [
      [
        -0.031673153931998946,
        0.9875987416790288,
        0.1537710530431406
      ],
      [
        0.9994239752715934,
        0.0331696698375689,
        -0.007175698933887101
      ],
      [
        -0.012187246297790735,
        0.15345520009717212,
        -0.9880804484407185
      ]
    ],
    "keypoint_offset": [
      0.021303327948224204,
      0.04595088548058311,
      0.012418171647314402
    ]
  },
  "433": {
    "geom_id": 75,
    "geom_name": "gripper0_right_wiping_surface_vis",
    "body_id": 14,
    "body_name": "gripper0_right_wiping_gripper",
    "initial_keypoint": [
      -0.07977432244972282,
      0.04100148351621796,
      1.0902803704708464
    ],
    "initial_pos": [
      -0.10403607000100368,
      -0.005744117867124432,
      1.097130734769955
    ],
    "initial_rot": [
      [
        -0.031673153931998946,
        0.9875987416790288,
        0.1537710530431406
      ],
      [
        0.9994239752715934,
        0.0331696698375689,
        -0.007175698933887101
      ],
      [
        -0.012187246297790735,
        0.15345520009717212,
        -0.9880804484407185
      ]
    ],
    "keypoint_offset": [
      0.024261747551280854,
      0.0467456013833424,
      -0.00685036429910868
    ]
  },
  "442": {
    "geom_id": 117,
    "geom_name": "green_cube_g0_vis",
    "body_id": 21,
    "body_name": "green_cube_main",
    "initial_keypoint": [
      -0.07340279682208595,
      0.052305078048288156,
      0.8520197862653178
    ],
    "initial_pos": [
      -0.08580611820480999,
      0.05738883127586594,
      0.8306052199054843
    ],
    "initial_rot": [
      [
        0.21337284661425115,
        -0.9769708431308127,
        0.0
      ],
      [
        0.9769708431308127,
        0.21337284661425115,
        0.0
      ],
      [
        0.0,
        0.0,
        0.9999999999999999
      ]
    ],
    "keypoint_offset": [
      0.012403321382724042,
      -0.005083753227577786,
      0.02141456635983352
    ]
  },
  "443": {
    "geom_id": 117,
    "geom_name": "green_cube_g0_vis",
    "body_id": 21,
    "body_name": "green_cube_main",
    "initial_keypoint": [
      -0.06569580248916929,
      0.0533193084294122,
      0.8234868648989444
    ],
    "initial_pos": [
      -0.08580611820480999,
      0.05738883127586594,
      0.8306052199054843
    ],
    "initial_rot": [
      [
        0.21337284661425115,
        -0.9769708431308127,
        0.0
      ],
      [
        0.9769708431308127,
        0.21337284661425115,
        0.0
      ],
      [
        0.0,
        0.0,
        0.9999999999999999
      ]
    ],
    "keypoint_offset": [
      0.020110315715640703,
      -0.0040695228464537395,
      -0.0071183550065399
    ]
  },
  "446": {
    "geom_id": 121,
    "geom_name": "light_cube_g0_vis",
    "body_id": 23,
    "body_name": "light_cube_main",
    "initial_keypoint": [
      0.0572834220171336,
      0.04635598755962806,
      0.8430131567640229
    ],
    "initial_pos": [
      0.04908274050616579,
      0.02000401701052834,
      0.8307606153769648
    ],
    "initial_rot": [
      [
        -0.8792321787444998,
        0.476393509464812,
        0.0
      ],
      [
        -0.476393509464812,
        -0.8792321787444998,
        0.0
      ],
      [
        0.0,
        0.0,
        0.9999999999999999
      ]
    ],
    "keypoint_offset": [
      0.008200681510967811,
      0.02635197054909972,
      0.012252541387058113
    ]
  },
  "448": {
    "geom_id": 119,
    "geom_name": "blue_cube_g0_vis",
    "body_id": 22,
    "body_name": "blue_cube_main",
    "initial_keypoint": [
      0.12264152623985397,
      0.04266725798612444,
      0.8531449411037906
    ],
    "initial_pos": [
      0.14406368339117612,
      0.05819212750719813,
      0.8312424925656609
    ],
    "initial_rot": [
      [
        -0.1555383759658227,
        0.9878298505319194,
        0.0
      ],
      [
        -0.9878298505319194,
        -0.1555383759658227,
        0.0
      ],
      [
        0.0,
        0.0,
        1.0
      ]
    ],
    "keypoint_offset": [
      -0.021422157151322146,
      -0.015524869521073688,
      0.021902448538129726
    ]
  },
  "449": {
    "geom_id": 119,
    "geom_name": "blue_cube_g0_vis",
    "body_id": 22,
    "body_name": "blue_cube_main",
    "initial_keypoint": [
      0.14838261012725307,
      0.04140990216300399,
      0.8531262584295938
    ],
    "initial_pos": [
      0.14406368339117612,
      0.05819212750719813,
      0.8312424925656609
    ],
    "initial_rot": [
      [
        -0.1555383759658227,
        0.9878298505319194,
        0.0
      ],
      [
        -0.9878298505319194,
        -0.1555383759658227,
        0.0
      ],
      [
        0.0,
        0.0,
        1.0
      ]
    ],
    "keypoint_offset": [
      0.00431892673607695,
      -0.016782225344194136,
      0.021883765863932925
    ]
  },
  "450": {
    "geom_id": 119,
    "geom_name": "blue_cube_g0_vis",
    "body_id": 22,
    "body_name": "blue_cube_main",
    "initial_keypoint": [
      0.1629215582831527,
      0.04141995472211032,
      0.8383416405704791
    ],
    "initial_pos": [
      0.14406368339117612,
      0.05819212750719813,
      0.8312424925656609
    ],
    "initial_rot": [
      [
        -0.1555383759658227,
        0.9878298505319194,
        0.0
      ],
      [
        -0.9878298505319194,
        -0.1555383759658227,
        0.0
      ],
      [
        0.0,
        0.0,
        1.0
      ]
    ],
    "keypoint_offset": [
      0.018857874891976573,
      -0.01677217278508781,
      0.0070991480048182565
    ]
  },
  "473": {
    "geom_id": 119,
    "geom_name": "blue_cube_g0_vis",
    "body_id": 22,
    "body_name": "blue_cube_main",
    "initial_keypoint": [
      0.14838261012725307,
      0.06211485324450599,
      0.8531262584295938
    ],
    "initial_pos": [
      0.14406368339117612,
      0.05819212750719813,
      0.8312424925656609
    ],
    "initial_rot": [
      [
        -0.1555383759658227,
        0.9878298505319194,
        0.0
      ],
      [
        -0.9878298505319194,
        -0.1555383759658227,
        0.0
      ],
      [
        0.0,
        0.0,
        1.0
      ]
    ],
    "keypoint_offset": [
      0.00431892673607695,
      0.0039227257373078625,
      0.021883765863932925
    ]
  },
  "474": {
    "geom_id": 119,
    "geom_name": "blue_cube_g0_vis",
    "body_id": 22,
    "body_name": "blue_cube_main",
    "initial_keypoint": [
      0.1660975867614466,
      0.06154452996535115,
      0.8431626000849126
    ],
    "initial_pos": [
      0.14406368339117612,
      0.05819212750719813,
      0.8312424925656609
    ],
    "initial_rot": [
      [
        -0.1555383759658227,
        0.9878298505319194,
        0.0
      ],
      [
        -0.9878298505319194,
        -0.1555383759658227,
        0.0
      ],
      [
        0.0,
        0.0,
        1.0
      ]
    ],
    "keypoint_offset": [
      0.022033903370270475,
      0.00335240245815302,
      0.011920107519251766
    ]
  }
}