{
  "274": {
    "geom_id": 119,
    "geom_name": "dark_cube_g0_vis",
    "body_id": 22,
    "body_name": "dark_cube_main",
    "initial_keypoint": [
      -0.07178674486366621,
      -0.1303941595804174,
      0.8534232706991578
    ],
    "initial_pos": [
      -0.0789148105880612,
      -0.11661764316491895,
      0.8313076072611313
    ],
    "initial_rot": [
      [
        0.48143773174937016,
        -0.8764802966684542,
        0.0
      ],
      [
        0.8764802966684542,
        0.48143773174937016,
        0.0
      ],
      [
        0.0,
        0.0,
        1.0
      ]
    ],
    "keypoint_offset": [
      0.007128065724394991,
      -0.013776516415498444,
      0.02211566343802651
    ]
  },
  "275": {
    "geom_id": 119,
    "geom_name": "dark_cube_g0_vis",
    "body_id": 22,
    "body_name": "dark_cube_main",
    "initial_keypoint": [
      -0.06454208498581626,
      -0.13302641374698237,
      0.8245606706741303
    ],
    "initial_pos": [
      -0.0789148105880612,
      -0.11661764316491895,
      0.8313076072611313
    ],
    "initial_rot": [
      [
        0.48143773174937016,
        -0.8764802966684542,
        0.0
      ],
      [
        0.8764802966684542,
        0.48143773174937016,
        0.0
      ],
      [
        0.0,
        0.0,
        1.0
      ]
    ],
    "keypoint_offset": [
      0.014372725602244937,
      -0.01640877058206343,
      -0.0067469365870009845
    ]
  },
  "298": {
    "geom_id": 119,
    "geom_name": "dark_cube_g0_vis",
    "body_id": 22,
    "body_name": "dark_cube_main",
    "initial_keypoint": [
      -0.07178674486366621,
      -0.1043153276643339,
      0.8534232706991578
    ],
    "initial_pos": [
      -0.0789148105880612,
      -0.11661764316491895,
      0.8313076072611313
    ],
    "initial_rot": [
      [
        0.48143773174937016,
        -0.8764802966684542,
        0.0
      ],
      [
        0.8764802966684542,
        0.48143773174937016,
        0.0
      ],
      [
        0.0,
        0.0,
        1.0
      ]
    ],
    "keypoint_offset": [
      0.007128065724394991,
      0.01230231550058504,
      0.02211566343802651
    ]
  },
  "299": {
    "geom_id": 119,
    "geom_name": "dark_cube_g0_vis",
    "body_id": 22,
    "body_name": "dark_cube_main",
    "initial_keypoint": [
      -0.05879545682517184,
      -0.10533784122248663,
      0.8299092611989447
    ],
    "initial_pos": [
      -0.0789148105880612,
      -0.11661764316491895,
      0.8313076072611313
    ],
    "initial_rot": [
      [
        0.48143773174937016,
        -0.8764802966684542,
        0.0
      ],
      [
        0.8764802966684542,
        0.48143773174937016,
        0.0
      ],
      [
        0.0,
        0.0,
        1.0
      ]
    ],
    "keypoint_offset": [
      0.020119353762889355,
      0.011279801942432319,
      -0.001398346062186584
    ]
  },
  "337": {
    "geom_id": 75,
    "geom_name": "gripper0_right_wiping_surface_vis",
    "body_id": 14,
    "body_name": "gripper0_right_wiping_gripper",
    "initial_keypoint": [
      -0.09475887486886847,
      -0.04206118701673783,
      1.0835677889503046
    ],
    "initial_pos": [
      -0.12060032365441432,
      0.010068553885180685,
      1.0764986625269322
    ],
    "initial_rot": [
      [
        -0.038017715109916896,
        0.9945813744775283,
        0.09676023398178474
      ],
      [
        0.9992746896533671,
        0.038050120399842256,
        0.0015109453074426751
      ],
      [
        -0.002178980492287118,
        0.09674749547118025,
        -0.9953065729533116
      ]
    ],
    "keypoint_offset": [
      0.025841448785545854,
      -0.05212974090191852,
      0.007069126423372429
    ]
  },
  "361": {
    "geom_id": 75,
    "geom_name": "gripper0_right_wiping_surface_vis",
    "body_id": 14,
    "body_name": "gripper0_right_wiping_gripper",
    "initial_keypoint": [
      -0.09552942154922961,
      -0.021057839934943832,
      1.0832226096441346
    ],
    "initial_pos": [
      -0.12060032365441432,
      0.010068553885180685,
      1.0764986625269322
    ],
    "initial_rot": [
      [
        -0.038017715109916896,
        0.9945813744775283,
        0.09676023398178474
      ],
      [
        0.9992746896533671,
        0.038050120399842256,
        0.0015109453074426751
      ],
      [
        -0.002178980492287118,
        0.09674749547118025,
        -0.9953065729533116
      ]
    ],
    "keypoint_offset": [
      0.025070902105184714,
      -0.03112639382012452,
      0.006723947117202478
    ]
  },
  "385": {
    "geom_id": 75,
    "geom_name": "gripper0_right_wiping_surface_vis",
    "body_id": 14,
    "body_name": "gripper0_right_wiping_gripper",
    "initial_keypoint": [
      -0.09630188834138187,
      0.0,
      1.082876570191691
    ],
    "initial_pos": [
      -0.12060032365441432,
      0.010068553885180685,
      1.0764986625269322
    ],
    "initial_rot": [
      [
        -0.038017715109916896,
        0.9945813744775283,
        0.09676023398178474
      ],
      [
        0.9992746896533671,
        0.038050120399842256,
        0.0015109453074426751
      ],
      [
        -0.002178980492287118,
        0.09674749547118025,
        -0.9953065729533116
      ]
    ],
    "keypoint_offset": [
      0.024298435313032454,
      -0.010068553885180685,
      0.006377907664758764
    ]
  },
  "409": {
    "geom_id": 75,
    "geom_name": "gripper0_right_wiping_surface_vis",
    "body_id": 14,
    "body_name": "gripper0_right_wiping_gripper",
    "initial_keypoint": [
      -0.09707639161573711,
      0.02111254058761675,
      1.0825296184628965
    ],
    "initial_pos": [
      -0.12060032365441432,
      0.010068553885180685,
      1.0764986625269322
    ],
    "initial_rot": [
      [
        -0.038017715109916896,
        0.9945813744775283,
        0.09676023398178474
      ],
      [
        0.9992746896533671,
        0.038050120399842256,
        0.0015109453074426751
      ],
      [
        -0.002178980492287118,
        0.09674749547118025,
        -0.9953065729533116
      ]
    ],
    "keypoint_offset": [
      0.02352393203867721,
      0.011043986702436065,
      0.006030955935964366
    ]
  },
  "418": {
    "geom_id": 117,
    "geom_name": "blue_cube_g0_vis",
    "body_id": 21,
    "body_name": "blue_cube_main",
    "initial_keypoint": [
      -0.07454727286499074,
      0.026204737852856024,
      0.8510258489709435
    ],
    "initial_pos": [
      -0.07344162632352562,
      0.044458357424143335,
      0.8301078694791972
    ],
    "initial_rot": [
      [
        -0.9128820769729916,
        0.408223362317098,
        0.0
      ],
      [
        -0.408223362317098,
        -0.9128820769729916,
        0.0
      ],
      [
        0.0,
        0.0,
        0.9999999999999999
      ]
    ],
    "keypoint_offset": [
      -0.0011056465414651245,
      -0.01825361957128731,
      0.02091797949174623
    ]
  },
  "419": {
    "geom_id": 117,
    "geom_name": "blue_cube_g0_vis",
    "body_id": 21,
    "body_name": "blue_cube_main",
    "initial_keypoint": [
      -0.06135300147643474,
      0.02645499020126755,
      0.8275288637369659
    ],
    "initial_pos": [
      -0.07344162632352562,
      0.044458357424143335,
      0.8301078694791972
    ],
    "initial_rot": [
      [
        -0.9128820769729916,
        0.408223362317098,
        0.0
      ],
      [
        -0.408223362317098,
        -0.9128820769729916,
        0.0
      ],
      [
        0.0,
        0.0,
        0.9999999999999999
      ]
    ],
    "keypoint_offset": [
      0.012088624847090876,
      -0.018003367222875787,
      -0.002579005742231355
    ]
  },
  "433": {
    "geom_id": 75,
    "geom_name": "gripper0_right_wiping_surface_vis",
    "body_id": 14,
    "body_name": "gripper0_right_wiping_gripper",
    "initial_keypoint": [
      -0.0978549678544981,
      0.042280141876585006,
      1.0821808421813999
    ],
    "initial_pos": [
      -0.12060032365441432,
      0.010068553885180685,
      1.0764986625269322
    ],
    "initial_rot": [
      [
        -0.038017715109916896,
        0.9945813744775283,
        0.09676023398178474
      ],
      [
        0.9992746896533671,
        0.038050120399842256,
        0.0015109453074426751
      ],
      [
        -0.002178980492287118,
        0.09674749547118025,
        -0.9953065729533116
      ]
    ],
    "keypoint_offset": [
      0.022745355799916225,
      0.03221158799140432,
      0.005682179654467712
    ]
  },
  "442": {
    "geom_id": 117,
    "geom_name": "blue_cube_g0_vis",
    "body_id": 21,
    "body_name": "blue_cube_main",
    "initial_keypoint": [
      -0.07454727286499074,
      0.05240947570571205,
      0.8510258489709435
    ],
    "initial_pos": [
      -0.07344162632352562,
      0.044458357424143335,
      0.8301078694791972
    ],
    "initial_rot": [
      [
        -0.9128820769729916,
        0.408223362317098,
        0.0
      ],
      [
        -0.408223362317098,
        -0.9128820769729916,
        0.0
      ],
      [
        0.0,
        0.0,
        0.9999999999999999
      ]
    ],
    "keypoint_offset": [
      -0.0011056465414651245,
      0.007951118281568713,
      0.02091797949174623
    ]
  },
  "443": {
    "geom_id": 117,
    "geom_name": "blue_cube_g0_vis",
    "body_id": 21,
    "body_name": "blue_cube_main",
    "initial_keypoint": [
      -0.05567316817635459,
      0.0523746312233083,
      0.8328152859174343
    ],
    "initial_pos": [
      -0.07344162632352562,
      0.044458357424143335,
      0.8301078694791972
    ],
    "initial_rot": [
      [
        -0.9128820769729916,
        0.408223362317098,
        0.0
      ],
      [
        -0.408223362317098,
        -0.9128820769729916,
        0.0
      ],
      [
        0.0,
        0.0,
        0.9999999999999999
      ]
    ],
    "keypoint_offset": [
      0.017768458147171026,
      0.007916273799164965,
      0.0027074164382370203
    ]
  },
  "456": {
    "geom_id": 75,
    "geom_name": "gripper0_right_wiping_surface_vis",
    "body_id": 14,
    "body_name": "gripper0_right_wiping_gripper",
    "initial_keypoint": [
      -0.12547563011536378,
      0.06473384321775158,
      1.0919120491826337
    ],
    "initial_pos": [
      -0.12060032365441432,
      0.010068553885180685,
      1.0764986625269322
    ],
    "initial_rot": [
      [
        -0.038017715109916896,
        0.9945813744775283,
        0.09676023398178474
      ],
      [
        0.9992746896533671,
        0.038050120399842256,
        0.0015109453074426751
      ],
      [
        -0.002178980492287118,
        0.09674749547118025,
        -0.9953065729533116
      ]
    ],
    "keypoint_offset": [
      -0.004875306460949455,
      0.05466528933257089,
      0.015413386655701578
    ]
  },
  "457": {
    "geom_id": 75,
    "geom_name": "gripper0_right_wiping_surface_vis",
    "body_id": 14,
    "body_name": "gripper0_right_wiping_gripper",
    "initial_keypoint": [
      -0.09863354409325908,
      0.06350280386690478,
      1.0818320658999032
    ],
    "initial_pos": [
      -0.12060032365441432,
      0.010068553885180685,
      1.0764986625269322
    ],
    "initial_rot": [
      [
        -0.038017715109916896,
        0.9945813744775283,
        0.09676023398178474
      ],
      [
        0.9992746896533671,
        0.038050120399842256,
        0.0015109453074426751
      ],
      [
        -0.002178980492287118,
        0.09674749547118025,
        -0.9953065729533116
      ]
    ],
    "keypoint_offset": [
      0.02196677956115524,
      0.053434249981724094,
      0.005333403372971057
    ]
  }
}