{
  "321": {
    "geom_id": 123,
    "geom_name": "dark_cube_g0_vis",
    "body_id": 24,
    "body_name": "dark_cube_main",
    "initial_keypoint": [
      -0.11454361908226751,
      -0.08146315736443661,
      0.8521703041550603
    ],
    "initial_pos": [
      -0.13273416339473176,
      -0.07873256281508513,
      0.8306655866289376
    ],
    "initial_rot": [
      [
        -0.9126889500118275,
        0.40865496513110866,
        0.0
      ],
      [
        -0.40865496513110866,
        -0.9126889500118275,
        0.0
      ],
      [
        0.0,
        0.0,
        0.9999999999999999
      ]
    ],
    "keypoint_offset": [
      0.018190544312464252,
      -0.002730594549351484,
      0.021504717526122707
    ]
  },
  "322": {
    "geom_id": 123,
    "geom_name": "dark_cube_g0_vis",
    "body_id": 24,
    "body_name": "dark_cube_main",
    "initial_keypoint": [
      -0.10978094965658713,
      -0.08343517072356536,
      0.8204266366954198
    ],
    "initial_pos": [
      -0.13273416339473176,
      -0.07873256281508513,
      0.8306655866289376
    ],
    "initial_rot": [
      [
        -0.9126889500118275,
        0.40865496513110866,
        0.0
      ],
      [
        -0.40865496513110866,
        -0.9126889500118275,
        0.0
      ],
      [
        0.0,
        0.0,
        0.9999999999999999
      ]
    ],
    "keypoint_offset": [
      0.02295321373814463,
      -0.004702607908480233,
      -0.010238949933517816
    ]
  },
  "336": {
    "geom_id": 75,
    "geom_name": "gripper0_right_wiping_surface_vis",
    "body_id": 14,
    "body_name": "gripper0_right_wiping_gripper",
    "initial_keypoint": [
      -0.0917080299074291,
      -0.04082603488127098,
      1.1058454629274321
    ],
    "initial_pos": [
      -0.11518930105946094,
      0.006937225692551294,
      1.0883868143439337
    ],
    "initial_rot": [
      [
        -0.021539773652820893,
        0.9924536147322133,
        0.12071396255589933
      ],
      [
        0.9997341638307752,
        0.020388209680418323,
        0.010766734677074244
      ],
      [
        0.008224343169181171,
        0.12091378544644578,
        -0.9926289420868428
      ]
    ],
    "keypoint_offset": [
      0.023481271152031843,
      -0.04776326057382227,
      0.017458648583498437
    ]
  },
  "337": {
    "geom_id": 75,
    "geom_name": "gripper0_right_wiping_surface_vis",
    "body_id": 14,
    "body_name": "gripper0_right_wiping_gripper",
    "initial_keypoint": [
      -0.08928475252234214,
      -0.041674058562672284,
      1.0860200138467606
    ],
    "initial_pos": [
      -0.11518930105946094,
      0.006937225692551294,
      1.0883868143439337
    ],
    "initial_rot": [
      [
        -0.021539773652820893,
        0.9924536147322133,
        0.12071396255589933
      ],
      [
        0.9997341638307752,
        0.020388209680418323,
        0.010766734677074244
      ],
      [
        0.008224343169181171,
        0.12091378544644578,
        -0.9926289420868428
      ]
    ],
    "keypoint_offset": [
      0.025904548537118807,
      -0.048611284255223576,
      -0.0023668004971730827
    ]
  },
  "345": {
    "geom_id": 123,
    "geom_name": "dark_cube_g0_vis",
    "body_id": 24,
    "body_name": "dark_cube_main",
    "initial_keypoint": [
      -0.12249704573464237,
      -0.05501163597500968,
      0.8457273896924714
    ],
    "initial_pos": [
      -0.13273416339473176,
      -0.07873256281508513,
      0.8306655866289376
    ],
    "initial_rot": [
      [
        -0.9126889500118275,
        0.40865496513110866,
        0.0
      ],
      [
        -0.40865496513110866,
        -0.9126889500118275,
        0.0
      ],
      [
        0.0,
        0.0,
        0.9999999999999999
      ]
    ],
    "keypoint_offset": [
      0.01023711766008939,
      0.02372092684007545,
      0.015061803063533774
    ]
  },
  "346": {
    "geom_id": 117,
    "geom_name": "red_cube_g0_vis",
    "body_id": 21,
    "body_name": "red_cube_main",
    "initial_keypoint": [
      -0.07211942827450635,
      -0.05218801079221982,
      0.8531343468275718
    ],
    "initial_pos": [
      -0.07507664279813565,
      -0.040308598474763924,
      0.8311633602972022
    ],
    "initial_rot": [
      [
        0.46011849807311095,
        -0.8878575154443109,
        0.0
      ],
      [
        0.8878575154443109,
        0.46011849807311095,
        0.0
      ],
      [
        0.0,
        0.0,
        1.0
      ]
    ],
    "keypoint_offset": [
      0.0029572145236293063,
      -0.011879412317455894,
      0.021970986530369663
    ]
  },
  "347": {
    "geom_id": 117,
    "geom_name": "red_cube_g0_vis",
    "body_id": 21,
    "body_name": "red_cube_main",
    "initial_keypoint": [
      -0.057736474516214,
      -0.05256910688785317,
      0.8308948935707117
    ],
    "initial_pos": [
      -0.07507664279813565,
      -0.040308598474763924,
      0.8311633602972022
    ],
    "initial_rot": [
      [
        0.46011849807311095,
        -0.8878575154443109,
        0.0
      ],
      [
        0.8878575154443109,
        0.46011849807311095,
        0.0
      ],
      [
        0.0,
        0.0,
        1.0
      ]
    ],
    "keypoint_offset": [
      0.017340168281921656,
      -0.012260508413089247,
      -0.00026846672649050163
    ]
  },
  "360": {
    "geom_id": 75,
    "geom_name": "gripper0_right_wiping_surface_vis",
    "body_id": 14,
    "body_name": "gripper0_right_wiping_gripper",
    "initial_keypoint": [
      -0.09210736628497229,
      -0.020426793931788985,
      1.1056806860721806
    ],
    "initial_pos": [
      -0.11518930105946094,
      0.006937225692551294,
      1.0883868143439337
    ],
    "initial_rot": [
      [
        -0.021539773652820893,
        0.9924536147322133,
        0.12071396255589933
      ],
      [
        0.9997341638307752,
        0.020388209680418323,
        0.010766734677074244
      ],
      [
        0.008224343169181171,
        0.12091378544644578,
        -0.9926289420868428
      ]
    ],
    "keypoint_offset": [
      0.023081934774488652,
      -0.027364019624340277,
      0.017293871728246923
    ]
  },
  "361": {
    "geom_id": 75,
    "geom_name": "gripper0_right_wiping_surface_vis",
    "body_id": 14,
    "body_name": "gripper0_right_wiping_gripper",
    "initial_keypoint": [
      -0.08969268900018035,
      -0.0208514538601111,
      1.0858372718611413
    ],
    "initial_pos": [
      -0.11518930105946094,
      0.006937225692551294,
      1.0883868143439337
    ],
    "initial_rot": [
      [
        -0.021539773652820893,
        0.9924536147322133,
        0.12071396255589933
      ],
      [
        0.9997341638307752,
        0.020388209680418323,
        0.010766734677074244
      ],
      [
        0.008224343169181171,
        0.12091378544644578,
        -0.9926289420868428
      ]
    ],
    "keypoint_offset": [
      0.025496612059280596,
      -0.02778867955266239,
      -0.0025495424827923774
    ]
  },
  "370": {
    "geom_id": 117,
    "geom_name": "red_cube_g0_vis",
    "body_id": 21,
    "body_name": "red_cube_main",
    "initial_keypoint": [
      -0.07211942827450635,
      -0.02609400539610991,
      0.8531343468275718
    ],
    "initial_pos": [
      -0.07507664279813565,
      -0.040308598474763924,
      0.8311633602972022
    ],
    "initial_rot": [
      [
        0.46011849807311095,
        -0.8878575154443109,
        0.0
      ],
      [
        0.8878575154443109,
        0.46011849807311095,
        0.0
      ],
      [
        0.0,
        0.0,
        1.0
      ]
    ],
    "keypoint_offset": [
      0.0029572145236293063,
      0.014214593078654015,
      0.021970986530369663
    ]
  },
  "371": {
    "geom_id": 117,
    "geom_name": "red_cube_g0_vis",
    "body_id": 21,
    "body_name": "red_cube_main",
    "initial_keypoint": [
      -0.05651281886474091,
      -0.02622688599014206,
      0.8320337932593894
    ],
    "initial_pos": [
      -0.07507664279813565,
      -0.040308598474763924,
      0.8311633602972022
    ],
    "initial_rot": [
      [
        0.46011849807311095,
        -0.8878575154443109,
        0.0
      ],
      [
        0.8878575154443109,
        0.46011849807311095,
        0.0
      ],
      [
        0.0,
        0.0,
        1.0
      ]
    ],
    "keypoint_offset": [
      0.018563823933394744,
      0.014081712484621863,
      0.0008704329621872509
    ]
  },
  "385": {
    "geom_id": 75,
    "geom_name": "gripper0_right_wiping_surface_vis",
    "body_id": 14,
    "body_name": "gripper0_right_wiping_gripper",
    "initial_keypoint": [
      -0.09009725073608232,
      0.0,
      1.0856560416477605
    ],
    "initial_pos": [
      -0.11518930105946094,
      0.006937225692551294,
      1.0883868143439337
    ],
    "initial_rot": [
      [
        -0.021539773652820893,
        0.9924536147322133,
        0.12071396255589933
      ],
      [
        0.9997341638307752,
        0.020388209680418323,
        0.010766734677074244
      ],
      [
        0.008224343169181171,
        0.12091378544644578,
        -0.9926289420868428
      ]
    ],
    "keypoint_offset": [
      0.02509205032337862,
      -0.006937225692551294,
      -0.002730772696173167
    ]
  },
  "392": {
    "geom_id": 121,
    "geom_name": "light_cube_g0_vis",
    "body_id": 23,
    "body_name": "light_cube_main",
    "initial_keypoint": [
      -0.1588288563812177,
      0.0,
      0.8524333892704499
    ],
    "initial_pos": [
      -0.14745872511893007,
      0.007499314945158153,
      0.8307792151848948
    ],
    "initial_rot": [
      [
        0.5028993346085644,
        0.8643449885608543,
        0.0
      ],
      [
        -0.8643449885608543,
        0.5028993346085644,
        0.0
      ],
      [
        0.0,
        0.0,
        1.0
      ]
    ],
    "keypoint_offset": [
      -0.011370131262287614,
      -0.007499314945158153,
      0.021654174085555034
    ]
  },
  "393": {
    "geom_id": 121,
    "geom_name": "light_cube_g0_vis",
    "body_id": 23,
    "body_name": "light_cube_main",
    "initial_keypoint": [
      -0.12077130133719394,
      0.0,
      0.8471253812781149
    ],
    "initial_pos": [
      -0.14745872511893007,
      0.007499314945158153,
      0.8307792151848948
    ],
    "initial_rot": [
      [
        0.5028993346085644,
        0.8643449885608543,
        0.0
      ],
      [
        -0.8643449885608543,
        0.5028993346085644,
        0.0
      ],
      [
        0.0,
        0.0,
        1.0
      ]
    ],
    "keypoint_offset": [
      0.026687423781736136,
      -0.007499314945158153,
      0.016346166093220038
    ]
  },
  "394": {
    "geom_id": 121,
    "geom_name": "light_cube_g0_vis",
    "body_id": 23,
    "body_name": "light_cube_main",
    "initial_keypoint": [
      -0.13227003246207014,
      0.0,
      0.800895657209029
    ],
    "initial_pos": [
      -0.14745872511893007,
      0.007499314945158153,
      0.8307792151848948
    ],
    "initial_rot": [
      [
        0.5028993346085644,
        0.8643449885608543,
        0.0
      ],
      [
        -0.8643449885608543,
        0.5028993346085644,
        0.0
      ],
      [
        0.0,
        0.0,
        1.0
      ]
    ],
    "keypoint_offset": [
      0.015188692656859931,
      -0.007499314945158153,
      -0.029883557975865838
    ]
  },
  "408": {
    "geom_id": 75,
    "geom_name": "gripper0_right_wiping_surface_vis",
    "body_id": 14,
    "body_name": "gripper0_right_wiping_gripper",
    "initial_keypoint": [
      -0.09290568121176335,
      0.020454334569569837,
      1.105351280011189
    ],
    "initial_pos": [
      -0.11518930105946094,
      0.006937225692551294,
      1.0883868143439337
    ],
    "initial_rot": [
      [
        -0.021539773652820893,
        0.9924536147322133,
        0.12071396255589933
      ],
      [
        0.9997341638307752,
        0.020388209680418323,
        0.010766734677074244
      ],
      [
        0.008224343169181171,
        0.12091378544644578,
        -0.9926289420868428
      ]
    ],
    "keypoint_offset": [
      0.022283619847697597,
      0.013517108877018543,
      0.0169644656672554
    ]
  },
  "409": {
    "geom_id": 75,
    "geom_name": "gripper0_right_wiping_surface_vis",
    "body_id": 14,
    "body_name": "gripper0_right_wiping_gripper",
    "initial_keypoint": [
      -0.09050431443583351,
      0.020880152825926514,
      1.0854736906377203
    ],
    "initial_pos": [
      -0.11518930105946094,
      0.006937225692551294,
      1.0883868143439337
    ],
    "initial_rot": [
      [
        -0.021539773652820893,
        0.9924536147322133,
        0.12071396255589933
      ],
      [
        0.9997341638307752,
        0.020388209680418323,
        0.010766734677074244
      ],
      [
        0.008224343169181171,
        0.12091378544644578,
        -0.9926289420868428
      ]
    ],
    "keypoint_offset": [
      0.024684986623627433,
      0.01394292713337522,
      -0.0029131237062134385
    ]
  },
  "417": {
    "geom_id": 121,
    "geom_name": "light_cube_g0_vis",
    "body_id": 23,
    "body_name": "light_cube_main",
    "initial_keypoint": [
      -0.13718726856261132,
      0.028154924032377935,
      0.8338271291816497
    ],
    "initial_pos": [
      -0.14745872511893007,
      0.007499314945158153,
      0.8307792151848948
    ],
    "initial_rot": [
      [
        0.5028993346085644,
        0.8643449885608543,
        0.0
      ],
      [
        -0.8643449885608543,
        0.5028993346085644,
        0.0
      ],
      [
        0.0,
        0.0,
        1.0
      ]
    ],
    "keypoint_offset": [
      0.010271456556318753,
      0.020655609087219782,
      0.0030479139967548585
    ]
  },
  "432": {
    "geom_id": 75,
    "geom_name": "gripper0_right_wiping_surface_vis",
    "body_id": 14,
    "body_name": "gripper0_right_wiping_gripper",
    "initial_keypoint": [
      -0.09330662781663523,
      0.04093633322218176,
      1.1051858387331341
    ],
    "initial_pos": [
      -0.11518930105946094,
      0.006937225692551294,
      1.0883868143439337
    ],
    "initial_rot": [
      [
        -0.021539773652820893,
        0.9924536147322133,
        0.12071396255589933
      ],
      [
        0.9997341638307752,
        0.020388209680418323,
        0.010766734677074244
      ],
      [
        0.008224343169181171,
        0.12091378544644578,
        -0.9926289420868428
      ]
    ],
    "keypoint_offset": [
      0.02188267324282571,
      0.033999107529630465,
      0.016799024389200445
    ]
  },
  "433": {
    "geom_id": 75,
    "geom_name": "gripper0_right_wiping_surface_vis",
    "body_id": 14,
    "body_name": "gripper0_right_wiping_gripper",
    "initial_keypoint": [
      -0.09091399646984566,
      0.04178927825466418,
      1.085290166700943
    ],
    "initial_pos": [
      -0.11518930105946094,
      0.006937225692551294,
      1.0883868143439337
    ],
    "initial_rot": [
      [
        -0.021539773652820893,
        0.9924536147322133,
        0.12071396255589933
      ],
      [
        0.9997341638307752,
        0.020388209680418323,
        0.010766734677074244
      ],
      [
        0.008224343169181171,
        0.12091378544644578,
        -0.9926289420868428
      ]
    ],
    "keypoint_offset": [
      0.024275304589615285,
      0.034852052562112885,
      -0.0030966476429907797
    ]
  },
  "443": {
    "geom_id": 119,
    "geom_name": "blue_cube_g0_vis",
    "body_id": 22,
    "body_name": "blue_cube_main",
    "initial_keypoint": [
      -0.0626417930311508,
      0.05303145465442941,
      0.8263293397543245
    ],
    "initial_pos": [
      -0.05800455806454807,
      0.07803355103699236,
      0.8310357366377207
    ],
    "initial_rot": [
      [
        0.9273760033138625,
        -0.37413065696038195,
        0.0
      ],
      [
        0.37413065696038195,
        0.9273760033138625,
        0.0
      ],
      [
        0.0,
        0.0,
        1.0
      ]
    ],
    "keypoint_offset": [
      -0.004637234966602732,
      -0.025002096382562948,
      -0.004706396883396136
    ]
  },
  "456": {
    "geom_id": 75,
    "geom_name": "gripper0_right_wiping_surface_vis",
    "body_id": 14,
    "body_name": "gripper0_right_wiping_gripper",
    "initial_keypoint": [
      -0.0937100792195743,
      0.06144625519288436,
      1.105019363908496
    ],
    "initial_pos": [
      -0.11518930105946094,
      0.006937225692551294,
      1.0883868143439337
    ],
    "initial_rot": [
      [
        -0.021539773652820893,
        0.9924536147322133,
        0.12071396255589933
      ],
      [
        0.9997341638307752,
        0.020388209680418323,
        0.010766734677074244
      ],
      [
        0.008224343169181171,
        0.12091378544644578,
        -0.9926289420868428
      ]
    ],
    "keypoint_offset": [
      0.02147922183988664,
      0.05450902950033307,
      0.016632549564562282
    ]
  },
  "457": {
    "geom_id": 75,
    "geom_name": "gripper0_right_wiping_surface_vis",
    "body_id": 14,
    "body_name": "gripper0_right_wiping_gripper",
    "initial_keypoint": [
      -0.09132018739150993,
      0.0627270059504293,
      1.0851082066664817
    ],
    "initial_pos": [
      -0.11518930105946094,
      0.006937225692551294,
      1.0883868143439337
    ],
    "initial_rot": [
      [
        -0.021539773652820893,
        0.9924536147322133,
        0.12071396255589933
      ],
      [
        0.9997341638307752,
        0.020388209680418323,
        0.010766734677074244
      ],
      [
        0.008224343169181171,
        0.12091378544644578,
        -0.9926289420868428
      ]
    ],
    "keypoint_offset": [
      0.02386911366795101,
      0.055789780257878,
      -0.003278607677452028
    ]
  },
  "466": {
    "geom_id": 119,
    "geom_name": "blue_cube_g0_vis",
    "body_id": 22,
    "body_name": "blue_cube_main",
    "initial_keypoint": [
      -0.07241358807411136,
      0.07832226551575441,
      0.8528788793609126
    ],
    "initial_pos": [
      -0.05800455806454807,
      0.07803355103699236,
      0.8310357366377207
    ],
    "initial_rot": [
      [
        0.9273760033138625,
        -0.37413065696038195,
        0.0
      ],
      [
        0.37413065696038195,
        0.9273760033138625,
        0.0
      ],
      [
        0.0,
        0.0,
        1.0
      ]
    ],
    "keypoint_offset": [
      -0.014409030009563284,
      0.00028871447876205325,
      0.021843142723191877
    ]
  },
  "467": {
    "geom_id": 119,
    "geom_name": "blue_cube_g0_vis",
    "body_id": 22,
    "body_name": "blue_cube_main",
    "initial_keypoint": [
      -0.03549081728786796,
      0.07570853431063732,
      0.8515997152754904
    ],
    "initial_pos": [
      -0.05800455806454807,
      0.07803355103699236,
      0.8310357366377207
    ],
    "initial_rot": [
      [
        0.9273760033138625,
        -0.37413065696038195,
        0.0
      ],
      [
        0.37413065696038195,
        0.9273760033138625,
        0.0
      ],
      [
        0.0,
        0.0,
        1.0
      ]
    ],
    "keypoint_offset": [
      0.022513740776680113,
      -0.0023250167263550447,
      0.02056397863776971
    ]
  },
  "468": {
    "geom_id": 119,
    "geom_name": "blue_cube_g0_vis",
    "body_id": 22,
    "body_name": "blue_cube_main",
    "initial_keypoint": [
      -0.036645821490454256,
      0.07848367019481524,
      0.8148067609617755
    ],
    "initial_pos": [
      -0.05800455806454807,
      0.07803355103699236,
      0.8310357366377207
    ],
    "initial_rot": [
      [
        0.9273760033138625,
        -0.37413065696038195,
        0.0
      ],
      [
        0.37413065696038195,
        0.9273760033138625,
        0.0
      ],
      [
        0.0,
        0.0,
        1.0
      ]
    ],
    "keypoint_offset": [
      0.021358736574093817,
      0.0004501191578228786,
      -0.016228975675945168
    ]
  },
  "491": {
    "geom_id": 119,
    "geom_name": "blue_cube_g0_vis",
    "body_id": 22,
    "body_name": "blue_cube_main",
    "initial_keypoint": [
      -0.04653047975212288,
      0.10302578554676825,
      0.8413247101067476
    ],
    "initial_pos": [
      -0.05800455806454807,
      0.07803355103699236,
      0.8310357366377207
    ],
    "initial_rot": [
      [
        0.9273760033138625,
        -0.37413065696038195,
        0.0
      ],
      [
        0.37413065696038195,
        0.9273760033138625,
        0.0
      ],
      [
        0.0,
        0.0,
        1.0
      ]
    ],
    "keypoint_offset": [
      0.011474078312425195,
      0.02499223450977589,
      0.010288973469026907
    ]
  }
}