{
  "304": {
    "geom_id": 123,
    "geom_name": "blue_cube_g0_vis",
    "body_id": 24,
    "body_name": "blue_cube_main",
    "initial_keypoint": [
      0.12109436956964292,
      -0.08568438453163257,
      0.8511078525740443
    ],
    "initial_pos": [
      0.13921455852756334,
      -0.08113880216532894,
      0.8302224109213641
    ],
    "initial_rot": [
      [
        -0.9611413557699815,
        0.2760566866218638,
        0.0
      ],
      [
        -0.2760566866218638,
        -0.9611413557699815,
        0.0
      ],
      [
        0.0,
        0.0,
        1.0
      ]
    ],
    "keypoint_offset": [
      -0.01812018895792042,
      -0.004545582366303633,
      0.020885441652680248
    ]
  },
  "305": {
    "geom_id": 123,
    "geom_name": "blue_cube_g0_vis",
    "body_id": 24,
    "body_name": "blue_cube_main",
    "initial_keypoint": [
      0.1469406482501922,
      -0.0831594433880776,
      0.8510886089455441
    ],
    "initial_pos": [
      0.13921455852756334,
      -0.08113880216532894,
      0.8302224109213641
    ],
    "initial_rot": [
      [
        -0.9611413557699815,
        0.2760566866218638,
        0.0
      ],
      [
        -0.2760566866218638,
        -0.9611413557699815,
        0.0
      ],
      [
        0.0,
        0.0,
        1.0
      ]
    ],
    "keypoint_offset": [
      0.007726089722628865,
      -0.0020206412227486564,
      0.020866198024179994
    ]
  },
  "306": {
    "geom_id": 123,
    "geom_name": "blue_cube_g0_vis",
    "body_id": 24,
    "body_name": "blue_cube_main",
    "initial_keypoint": [
      0.16145754591502687,
      -0.08319970300260739,
      0.8361193858257243
    ],
    "initial_pos": [
      0.13921455852756334,
      -0.08113880216532894,
      0.8302224109213641
    ],
    "initial_rot": [
      [
        -0.9611413557699815,
        0.2760566866218638,
        0.0
      ],
      [
        -0.2760566866218638,
        -0.9611413557699815,
        0.0
      ],
      [
        0.0,
        0.0,
        1.0
      ]
    ],
    "keypoint_offset": [
      0.022242987387463525,
      -0.0020609008372784454,
      0.005896974904360253
    ]
  },
  "328": {
    "geom_id": 123,
    "geom_name": "blue_cube_g0_vis",
    "body_id": 24,
    "body_name": "blue_cube_main",
    "initial_keypoint": [
      0.12109436956964292,
      -0.06426328839872443,
      0.8511078525740443
    ],
    "initial_pos": [
      0.13921455852756334,
      -0.08113880216532894,
      0.8302224109213641
    ],
    "initial_rot": [
      [
        -0.9611413557699815,
        0.2760566866218638,
        0.0
      ],
      [
        -0.2760566866218638,
        -0.9611413557699815,
        0.0
      ],
      [
        0.0,
        0.0,
        1.0
      ]
    ],
    "keypoint_offset": [
      -0.01812018895792042,
      0.01687551376660451,
      0.020885441652680248
    ]
  },
  "329": {
    "geom_id": 123,
    "geom_name": "blue_cube_g0_vis",
    "body_id": 24,
    "body_name": "blue_cube_main",
    "initial_keypoint": [
      0.1469406482501922,
      -0.06236958254105819,
      0.8510886089455441
    ],
    "initial_pos": [
      0.13921455852756334,
      -0.08113880216532894,
      0.8302224109213641
    ],
    "initial_rot": [
      [
        -0.9611413557699815,
        0.2760566866218638,
        0.0
      ],
      [
        -0.2760566866218638,
        -0.9611413557699815,
        0.0
      ],
      [
        0.0,
        0.0,
        1.0
      ]
    ],
    "keypoint_offset": [
      0.007726089722628865,
      0.01876921962427075,
      0.020866198024179994
    ]
  },
  "330": {
    "geom_id": 123,
    "geom_name": "blue_cube_g0_vis",
    "body_id": 24,
    "body_name": "blue_cube_main",
    "initial_keypoint": [
      0.15577087301925163,
      -0.06344793862055022,
      0.8274874670662659
    ],
    "initial_pos": [
      0.13921455852756334,
      -0.08113880216532894,
      0.8302224109213641
    ],
    "initial_rot": [
      [
        -0.9611413557699815,
        0.2760566866218638,
        0.0
      ],
      [
        -0.2760566866218638,
        -0.9611413557699815,
        0.0
      ],
      [
        0.0,
        0.0,
        1.0
      ]
    ],
    "keypoint_offset": [
      0.01655631449168829,
      0.017690863544778723,
      -0.002734943855098204
    ]
  },
  "336": {
    "geom_id": 75,
    "geom_name": "gripper0_right_wiping_surface_vis",
    "body_id": 14,
    "body_name": "gripper0_right_wiping_gripper",
    "initial_keypoint": [
      -0.09771698083217761,
      -0.04124063402080269,
      1.1033660092827804
    ],
    "initial_pos": [
      -0.12112692255163583,
      0.006893954971552155,
      1.0857626972425873
    ],
    "initial_rot": [
      [
        -0.018373016652252813,
        0.9959255144167414,
        0.08828817583823724
      ],
      [
        0.9998264385926596,
        0.01802858653411761,
        0.004697101095253536
      ],
      [
        0.0030862518065187666,
        0.08835915233482772,
        -0.9960838997034618
      ]
    ],
    "keypoint_offset": [
      0.02340994171945822,
      -0.04813458899235484,
      0.017603312040193053
    ]
  },
  "337": {
    "geom_id": 75,
    "geom_name": "gripper0_right_wiping_surface_vis",
    "body_id": 14,
    "body_name": "gripper0_right_wiping_gripper",
    "initial_keypoint": [
      -0.09551307150640087,
      -0.04211452359927413,
      1.0832299339199811
    ],
    "initial_pos": [
      -0.12112692255163583,
      0.006893954971552155,
      1.0857626972425873
    ],
    "initial_rot": [
      [
        -0.018373016652252813,
        0.9959255144167414,
        0.08828817583823724
      ],
      [
        0.9998264385926596,
        0.01802858653411761,
        0.004697101095253536
      ],
      [
        0.0030862518065187666,
        0.08835915233482772,
        -0.9960838997034618
      ]
    ],
    "keypoint_offset": [
      0.02561385104523496,
      -0.04900847857082628,
      -0.002532763322606213
    ]
  },
  "360": {
    "geom_id": 75,
    "geom_name": "gripper0_right_wiping_surface_vis",
    "body_id": 14,
    "body_name": "gripper0_right_wiping_gripper",
    "initial_keypoint": [
      -0.09767690406310514,
      -0.020618934423475548,
      1.1033825460281104
    ],
    "initial_pos": [
      -0.12112692255163583,
      0.006893954971552155,
      1.0857626972425873
    ],
    "initial_rot": [
      [
        -0.018373016652252813,
        0.9959255144167414,
        0.08828817583823724
      ],
      [
        0.9998264385926596,
        0.01802858653411761,
        0.004697101095253536
      ],
      [
        0.0030862518065187666,
        0.08835915233482772,
        -0.9960838997034618
      ]
    ],
    "keypoint_offset": [
      0.02345001848853069,
      -0.027512889395027704,
      0.01761984878552303
    ]
  },
  "361": {
    "geom_id": 75,
    "geom_name": "gripper0_right_wiping_surface_vis",
    "body_id": 14,
    "body_name": "gripper0_right_wiping_gripper",
    "initial_keypoint": [
      -0.09587859096921347,
      -0.021070186518488056,
      1.0830661933475005
    ],
    "initial_pos": [
      -0.12112692255163583,
      0.006893954971552155,
      1.0857626972425873
    ],
    "initial_rot": [
      [
        -0.018373016652252813,
        0.9959255144167414,
        0.08828817583823724
      ],
      [
        0.9998264385926596,
        0.01802858653411761,
        0.004697101095253536
      ],
      [
        0.0030862518065187666,
        0.08835915233482772,
        -0.9960838997034618
      ]
    ],
    "keypoint_offset": [
      0.02524833158242236,
      -0.02796414149004021,
      -0.0026965038950867992
    ]
  },
  "385": {
    "geom_id": 75,
    "geom_name": "gripper0_right_wiping_surface_vis",
    "body_id": 14,
    "body_name": "gripper0_right_wiping_gripper",
    "initial_keypoint": [
      -0.09624667058108116,
      0.0,
      1.0829013059133217
    ],
    "initial_pos": [
      -0.12112692255163583,
      0.006893954971552155,
      1.0857626972425873
    ],
    "initial_rot": [
      [
        -0.018373016652252813,
        0.9959255144167414,
        0.08828817583823724
      ],
      [
        0.9998264385926596,
        0.01802858653411761,
        0.004697101095253536
      ],
      [
        0.0030862518065187666,
        0.08835915233482772,
        -0.9960838997034618
      ]
    ],
    "keypoint_offset": [
      0.02488025197055467,
      -0.006893954971552155,
      -0.002861391329265661
    ]
  },
  "392": {
    "geom_id": 117,
    "geom_name": "green_cube_g0_vis",
    "body_id": 21,
    "body_name": "green_cube_main",
    "initial_keypoint": [
      -0.15809715119607692,
      0.0,
      0.8529859941928015
    ],
    "initial_pos": [
      -0.14688124161263658,
      0.0177969480882392,
      0.8310553654757946
    ],
    "initial_rot": [
      [
        -0.8735330675492264,
        0.48676480963401453,
        0.0
      ],
      [
        -0.48676480963401453,
        -0.8735330675492264,
        0.0
      ],
      [
        0.0,
        0.0,
        0.9999999999999999
      ]
    ],
    "keypoint_offset": [
      -0.011215909583440348,
      -0.0177969480882392,
      0.021930628717006906
    ]
  },
  "393": {
    "geom_id": 117,
    "geom_name": "green_cube_g0_vis",
    "body_id": 21,
    "body_name": "green_cube_main",
    "initial_keypoint": [
      -0.13658638003634327,
      0.0,
      0.8343138971554438
    ],
    "initial_pos": [
      -0.14688124161263658,
      0.0177969480882392,
      0.8310553654757946
    ],
    "initial_rot": [
      [
        -0.8735330675492264,
        0.48676480963401453,
        0.0
      ],
      [
        -0.48676480963401453,
        -0.8735330675492264,
        0.0
      ],
      [
        0.0,
        0.0,
        0.9999999999999999
      ]
    ],
    "keypoint_offset": [
      0.010294861576293307,
      -0.0177969480882392,
      0.0032585316796491792
    ]
  },
  "409": {
    "geom_id": 75,
    "geom_name": "gripper0_right_wiping_surface_vis",
    "body_id": 14,
    "body_name": "gripper0_right_wiping_gripper",
    "initial_keypoint": [
      -0.09661515748938942,
      0.021096231411186984,
      1.0827362360238726
    ],
    "initial_pos": [
      -0.12112692255163583,
      0.006893954971552155,
      1.0857626972425873
    ],
    "initial_rot": [
      [
        -0.018373016652252813,
        0.9959255144167414,
        0.08828817583823724
      ],
      [
        0.9998264385926596,
        0.01802858653411761,
        0.004697101095253536
      ],
      [
        0.0030862518065187666,
        0.08835915233482772,
        -0.9960838997034618
      ]
    ],
    "keypoint_offset": [
      0.024511765062246407,
      0.014202276439634828,
      -0.003026461218714749
    ]
  },
  "416": {
    "geom_id": 117,
    "geom_name": "green_cube_g0_vis",
    "body_id": 21,
    "body_name": "green_cube_main",
    "initial_keypoint": [
      -0.15809715119607692,
      0.028198987818374693,
      0.8529859941928015
    ],
    "initial_pos": [
      -0.14688124161263658,
      0.0177969480882392,
      0.8310553654757946
    ],
    "initial_rot": [
      [
        -0.8735330675492264,
        0.48676480963401453,
        0.0
      ],
      [
        -0.48676480963401453,
        -0.8735330675492264,
        0.0
      ],
      [
        0.0,
        0.0,
        0.9999999999999999
      ]
    ],
    "keypoint_offset": [
      -0.011215909583440348,
      0.010402039730135492,
      0.021930628717006906
    ]
  },
  "417": {
    "geom_id": 117,
    "geom_name": "green_cube_g0_vis",
    "body_id": 21,
    "body_name": "green_cube_main",
    "initial_keypoint": [
      -0.1294600423333756,
      0.027813486784336382,
      0.8400868031315155
    ],
    "initial_pos": [
      -0.14688124161263658,
      0.0177969480882392,
      0.8310553654757946
    ],
    "initial_rot": [
      [
        -0.8735330675492264,
        0.48676480963401453,
        0.0
      ],
      [
        -0.48676480963401453,
        -0.8735330675492264,
        0.0
      ],
      [
        0.0,
        0.0,
        0.9999999999999999
      ]
    ],
    "keypoint_offset": [
      0.017421199279260974,
      0.010016538696097182,
      0.009031437655720898
    ]
  },
  "419": {
    "geom_id": 121,
    "geom_name": "red_cube_g0_vis",
    "body_id": 23,
    "body_name": "red_cube_main",
    "initial_keypoint": [
      -0.04248039739303744,
      0.025565577381196185,
      0.845094265318076
    ],
    "initial_pos": [
      -0.053740804236341894,
      0.048159046314071835,
      0.8312691304729922
    ],
    "initial_rot": [
      [
        0.5280919091535945,
        -0.8491872205153065,
        0.0
      ],
      [
        0.8491872205153065,
        0.5280919091535945,
        0.0
      ],
      [
        0.0,
        0.0,
        1.0
      ]
    ],
    "keypoint_offset": [
      0.011260406843304455,
      -0.02259346893287565,
      0.013825134845083742
    ]
  },
  "432": {
    "geom_id": 75,
    "geom_name": "gripper0_right_wiping_surface_vis",
    "body_id": 14,
    "body_name": "gripper0_right_wiping_gripper",
    "initial_keypoint": [
      -0.09875993103684821,
      0.041312594378416855,
      1.102935660172171
    ],
    "initial_pos": [
      -0.12112692255163583,
      0.006893954971552155,
      1.0857626972425873
    ],
    "initial_rot": [
      [
        -0.018373016652252813,
        0.9959255144167414,
        0.08828817583823724
      ],
      [
        0.9998264385926596,
        0.01802858653411761,
        0.004697101095253536
      ],
      [
        0.0030862518065187666,
        0.08835915233482772,
        -0.9960838997034618
      ]
    ],
    "keypoint_offset": [
      0.022366991514787618,
      0.0344186394068647,
      0.01717296292958359
    ]
  },
  "433": {
    "geom_id": 75,
    "geom_name": "gripper0_right_wiping_surface_vis",
    "body_id": 14,
    "body_name": "gripper0_right_wiping_gripper",
    "initial_keypoint": [
      -0.09698410987934414,
      0.04221855503575637,
      1.082570957614115
    ],
    "initial_pos": [
      -0.12112692255163583,
      0.006893954971552155,
      1.0857626972425873
    ],
    "initial_rot": [
      [
        -0.018373016652252813,
        0.9959255144167414,
        0.08828817583823724
      ],
      [
        0.9998264385926596,
        0.01802858653411761,
        0.004697101095253536
      ],
      [
        0.0030862518065187666,
        0.08835915233482772,
        -0.9960838997034618
      ]
    ],
    "keypoint_offset": [
      0.024142812672291694,
      0.035324600064204216,
      -0.003191739628472412
    ]
  },
  "442": {
    "geom_id": 121,
    "geom_name": "red_cube_g0_vis",
    "body_id": 23,
    "body_name": "red_cube_main",
    "initial_keypoint": [
      -0.07187655810718929,
      0.05216585648267072,
      0.8533452710478592
    ],
    "initial_pos": [
      -0.053740804236341894,
      0.048159046314071835,
      0.8312691304729922
    ],
    "initial_rot": [
      [
        0.5280919091535945,
        -0.8491872205153065,
        0.0
      ],
      [
        0.8491872205153065,
        0.5280919091535945,
        0.0
      ],
      [
        0.0,
        0.0,
        1.0
      ]
    ],
    "keypoint_offset": [
      -0.0181357538708474,
      0.004006810168598884,
      0.022076140574866954
    ]
  },
  "443": {
    "geom_id": 121,
    "geom_name": "red_cube_g0_vis",
    "body_id": 23,
    "body_name": "red_cube_main",
    "initial_keypoint": [
      -0.03364527092480207,
      0.050298405374647505,
      0.8533174306930636
    ],
    "initial_pos": [
      -0.053740804236341894,
      0.048159046314071835,
      0.8312691304729922
    ],
    "initial_rot": [
      [
        0.5280919091535945,
        -0.8491872205153065,
        0.0
      ],
      [
        0.8491872205153065,
        0.5280919091535945,
        0.0
      ],
      [
        0.0,
        0.0,
        1.0
      ]
    ],
    "keypoint_offset": [
      0.02009553331153982,
      0.00213935906057567,
      0.022048300220071426
    ]
  },
  "444": {
    "geom_id": 121,
    "geom_name": "red_cube_g0_vis",
    "body_id": 23,
    "body_name": "red_cube_main",
    "initial_keypoint": [
      -0.026462309045220178,
      0.0513295642159285,
      0.8249627088739644
    ],
    "initial_pos": [
      -0.053740804236341894,
      0.048159046314071835,
      0.8312691304729922
    ],
    "initial_rot": [
      [
        0.5280919091535945,
        -0.8491872205153065,
        0.0
      ],
      [
        0.8491872205153065,
        0.5280919091535945,
        0.0
      ],
      [
        0.0,
        0.0,
        1.0
      ]
    ],
    "keypoint_offset": [
      0.027278495191121716,
      0.0031705179018566634,
      -0.006306421599027834
    ]
  },
  "456": {
    "geom_id": 75,
    "geom_name": "gripper0_right_wiping_surface_vis",
    "body_id": 14,
    "body_name": "gripper0_right_wiping_gripper",
    "initial_keypoint": [
      -0.09912247073802583,
      0.06200641275477675,
      1.1027860666083904
    ],
    "initial_pos": [
      -0.12112692255163583,
      0.006893954971552155,
      1.0857626972425873
    ],
    "initial_rot": [
      [
        -0.018373016652252813,
        0.9959255144167414,
        0.08828817583823724
      ],
      [
        0.9998264385926596,
        0.01802858653411761,
        0.004697101095253536
      ],
      [
        0.0030862518065187666,
        0.08835915233482772,
        -0.9960838997034618
      ]
    ],
    "keypoint_offset": [
      0.022004451813610007,
      0.0551124577832246,
      0.017023369365803065
    ]
  },
  "457": {
    "geom_id": 75,
    "geom_name": "gripper0_right_wiping_surface_vis",
    "body_id": 14,
    "body_name": "gripper0_right_wiping_gripper",
    "initial_keypoint": [
      -0.09735143308353655,
      0.06336679805034243,
      1.0824064090254377
    ],
    "initial_pos": [
      -0.12112692255163583,
      0.006893954971552155,
      1.0857626972425873
    ],
    "initial_rot": [
      [
        -0.018373016652252813,
        0.9959255144167414,
        0.08828817583823724
      ],
      [
        0.9998264385926596,
        0.01802858653411761,
        0.004697101095253536
      ],
      [
        0.0030862518065187666,
        0.08835915233482772,
        -0.9960838997034618
      ]
    ],
    "keypoint_offset": [
      0.02377548946809928,
      0.056472843078790275,
      -0.0033562882171496167
    ]
  },
  "492": {
    "geom_id": 119,
    "geom_name": "dark_cube_g0_vis",
    "body_id": 22,
    "body_name": "dark_cube_main",
    "initial_keypoint": [
      -3.851401206078631e-05,
      0.09750653968740201,
      0.851314980493637
    ],
    "initial_pos": [
      0.019028841570994576,
      0.10953916656217536,
      0.8302793596649752
    ],
    "initial_rot": [
      [
        0.9808515737236768,
        0.19475674654241473,
        0.0
      ],
      [
        -0.19475674654241473,
        0.9808515737236768,
        0.0
      ],
      [
        0.0,
        0.0,
        0.9999999999999999
      ]
    ],
    "keypoint_offset": [
      -0.019067355583055362,
      -0.012032626874773342,
      0.021035620828661727
    ]
  },
  "493": {
    "geom_id": 119,
    "geom_name": "dark_cube_g0_vis",
    "body_id": 22,
    "body_name": "dark_cube_main",
    "initial_keypoint": [
      0.033303906784152404,
      0.09424930479485072,
      0.8512900567332217
    ],
    "initial_pos": [
      0.019028841570994576,
      0.10953916656217536,
      0.8302793596649752
    ],
    "initial_rot": [
      [
        0.9808515737236768,
        0.19475674654241473,
        0.0
      ],
      [
        -0.19475674654241473,
        0.9808515737236768,
        0.0
      ],
      [
        0.0,
        0.0,
        0.9999999999999999
      ]
    ],
    "keypoint_offset": [
      0.014275065213157828,
      -0.015289861767324636,
      0.02101069706824643
    ]
  },
  "494": {
    "geom_id": 119,
    "geom_name": "dark_cube_g0_vis",
    "body_id": 22,
    "body_name": "dark_cube_main",
    "initial_keypoint": [
      0.0371721933196148,
      0.09692359001544416,
      0.8199823310438565
    ],
    "initial_pos": [
      0.019028841570994576,
      0.10953916656217536,
      0.8302793596649752
    ],
    "initial_rot": [
      [
        0.9808515737236768,
        0.19475674654241473,
        0.0
      ],
      [
        -0.19475674654241473,
        0.9808515737236768,
        0.0
      ],
      [
        0.0,
        0.0,
        0.9999999999999999
      ]
    ],
    "keypoint_offset": [
      0.018143351748620223,
      -0.012615576546731191,
      -0.010297028621118698
    ]
  },
  "517": {
    "geom_id": 119,
    "geom_name": "dark_cube_g0_vis",
    "body_id": 22,
    "body_name": "dark_cube_main",
    "initial_keypoint": [
      0.033302113736422334,
      0.11781208362618792,
      0.8512881406881878
    ],
    "initial_pos": [
      0.019028841570994576,
      0.10953916656217536,
      0.8302793596649752
    ],
    "initial_rot": [
      [
        0.9808515737236768,
        0.19475674654241473,
        0.0
      ],
      [
        -0.19475674654241473,
        0.9808515737236768,
        0.0
      ],
      [
        0.0,
        0.0,
        0.9999999999999999
      ]
    ],
    "keypoint_offset": [
      0.014273272165427758,
      0.008272917064012564,
      0.021008781023212575
    ]
  },
  "518": {
    "geom_id": 119,
    "geom_name": "dark_cube_g0_vis",
    "body_id": 22,
    "body_name": "dark_cube_main",
    "initial_keypoint": [
      0.04175153878821325,
      0.11995575173590178,
      0.8252264714683913
    ],
    "initial_pos": [
      0.019028841570994576,
      0.10953916656217536,
      0.8302793596649752
    ],
    "initial_rot": [
      [
        0.9808515737236768,
        0.19475674654241473,
        0.0
      ],
      [
        -0.19475674654241473,
        0.9808515737236768,
        0.0
      ],
      [
        0.0,
        0.0,
        0.9999999999999999
      ]
    ],
    "keypoint_offset": [
      0.022722697217218674,
      0.010416585173726428,
      -0.005052888196583893
    ]
  }
}