{
  "275": {
    "geom_id": 119,
    "geom_name": "dark_cube_g0_vis",
    "body_id": 22,
    "body_name": "dark_cube_main",
    "initial_keypoint": [
      -0.03465850093711231,
      -0.12598476685894652,
      0.8523743816055286
    ],
    "initial_pos": [
      -0.047605978724253956,
      -0.11349445724119622,
      0.8307973812739626
    ],
    "initial_rot": [
      [
        0.5881009665179683,
        -0.8087875204159816,
        0.0
      ],
      [
        0.8087875204159816,
        0.5881009665179683,
        0.0
      ],
      [
        0.0,
        0.0,
        1.0
      ]
    ],
    "keypoint_offset": [
      0.012947477787141642,
      -0.0124903096177503,
      0.021577000331565954
    ]
  },
  "276": {
    "geom_id": 119,
    "geom_name": "dark_cube_g0_vis",
    "body_id": 22,
    "body_name": "dark_cube_main",
    "initial_keypoint": [
      -0.03522608134607519,
      -0.13046005877570507,
      0.8162226581811977
    ],
    "initial_pos": [
      -0.047605978724253956,
      -0.11349445724119622,
      0.8307973812739626
    ],
    "initial_rot": [
      [
        0.5881009665179683,
        -0.8087875204159816,
        0.0
      ],
      [
        0.8087875204159816,
        0.5881009665179683,
        0.0
      ],
      [
        0.0,
        0.0,
        1.0
      ]
    ],
    "keypoint_offset": [
      0.012379897378178767,
      -0.01696560153450885,
      -0.014574723092764974
    ]
  },
  "299": {
    "geom_id": 119,
    "geom_name": "dark_cube_g0_vis",
    "body_id": 22,
    "body_name": "dark_cube_main",
    "initial_keypoint": [
      -0.03465850093711231,
      -0.10078781348715722,
      0.8523743816055286
    ],
    "initial_pos": [
      -0.047605978724253956,
      -0.11349445724119622,
      0.8307973812739626
    ],
    "initial_rot": [
      [
        0.5881009665179683,
        -0.8087875204159816,
        0.0
      ],
      [
        0.8087875204159816,
        0.5881009665179683,
        0.0
      ],
      [
        0.0,
        0.0,
        1.0
      ]
    ],
    "keypoint_offset": [
      0.012947477787141642,
      0.012706643754039001,
      0.021577000331565954
    ]
  },
  "300": {
    "geom_id": 119,
    "geom_name": "dark_cube_g0_vis",
    "body_id": 22,
    "body_name": "dark_cube_main",
    "initial_keypoint": [
      -0.0283005433415513,
      -0.10301758055173836,
      0.8231294502744058
    ],
    "initial_pos": [
      -0.047605978724253956,
      -0.11349445724119622,
      0.8307973812739626
    ],
    "initial_rot": [
      [
        0.5881009665179683,
        -0.8087875204159816,
        0.0
      ],
      [
        0.8087875204159816,
        0.5881009665179683,
        0.0
      ],
      [
        0.0,
        0.0,
        1.0
      ]
    ],
    "keypoint_offset": [
      0.019305435382702657,
      0.010476876689457862,
      -0.007667930999556871
    ]
  },
  "324": {
    "geom_id": 117,
    "geom_name": "green_cube_g0_vis",
    "body_id": 21,
    "body_name": "green_cube_main",
    "initial_keypoint": [
      0.0027705794483992574,
      -0.07271907893617147,
      0.8541164703546578
    ],
    "initial_pos": [
      -0.013120544662493572,
      -0.06357223487307016,
      0.8316830205913708
    ],
    "initial_rot": [
      [
        0.6908456305216029,
        -0.7230022923817111,
        0.0
      ],
      [
        0.7230022923817111,
        0.6908456305216029,
        0.0
      ],
      [
        0.0,
        0.0,
        1.0
      ]
    ],
    "keypoint_offset": [
      0.01589112411089283,
      -0.009146844063101303,
      0.022433449763286983
    ]
  },
  "325": {
    "geom_id": 117,
    "geom_name": "green_cube_g0_vis",
    "body_id": 21,
    "body_name": "green_cube_main",
    "initial_keypoint": [
      0.003549257730323274,
      -0.07519369350414318,
      0.8194943345121337
    ],
    "initial_pos": [
      -0.013120544662493572,
      -0.06357223487307016,
      0.8316830205913708
    ],
    "initial_rot": [
      [
        0.6908456305216029,
        -0.7230022923817111,
        0.0
      ],
      [
        0.7230022923817111,
        0.6908456305216029,
        0.0
      ],
      [
        0.0,
        0.0,
        1.0
      ]
    ],
    "keypoint_offset": [
      0.016669802392816846,
      -0.011621458631073014,
      -0.012188686079237065
    ]
  },
  "337": {
    "geom_id": 75,
    "geom_name": "gripper0_right_wiping_surface_vis",
    "body_id": 14,
    "body_name": "gripper0_right_wiping_gripper",
    "initial_keypoint": [
      -0.09735556423314806,
      -0.042244824187346534,
      1.0824045584076973
    ],
    "initial_pos": [
      -0.12298859903428098,
      0.011291202527395502,
      1.077884316743037
    ],
    "initial_rot": [
      [
        -0.028620801940441212,
        0.9969770728116663,
        0.07223272100762652
      ],
      [
        0.9995607265995308,
        0.027988889845670648,
        0.009745557194079373
      ],
      [
        0.007694383412736414,
        0.07247991675689541,
        -0.9973401917755091
      ]
    ],
    "keypoint_offset": [
      0.025633034801132923,
      -0.05353602671474204,
      0.004520241664660363
    ]
  },
  "348": {
    "geom_id": 117,
    "geom_name": "green_cube_g0_vis",
    "body_id": 21,
    "body_name": "green_cube_main",
    "initial_keypoint": [
      0.0009277027199670607,
      -0.04865906465001284,
      0.8522785818890428
    ],
    "initial_pos": [
      -0.013120544662493572,
      -0.06357223487307016,
      0.8316830205913708
    ],
    "initial_rot": [
      [
        0.6908456305216029,
        -0.7230022923817111,
        0.0
      ],
      [
        0.7230022923817111,
        0.6908456305216029,
        0.0
      ],
      [
        0.0,
        0.0,
        1.0
      ]
    ],
    "keypoint_offset": [
      0.014048247382460632,
      0.014913170223057326,
      0.020595561297672038
    ]
  },
  "349": {
    "geom_id": 117,
    "geom_name": "green_cube_g0_vis",
    "body_id": 21,
    "body_name": "green_cube_main",
    "initial_keypoint": [
      0.002534596470549655,
      -0.05023158445474263,
      0.818410070755371
    ],
    "initial_pos": [
      -0.013120544662493572,
      -0.06357223487307016,
      0.8316830205913708
    ],
    "initial_rot": [
      [
        0.6908456305216029,
        -0.7230022923817111,
        0.0
      ],
      [
        0.7230022923817111,
        0.6908456305216029,
        0.0
      ],
      [
        0.0,
        0.0,
        1.0
      ]
    ],
    "keypoint_offset": [
      0.015655141133043227,
      0.013340650418327535,
      -0.013272949835999803
    ]
  },
  "361": {
    "geom_id": 75,
    "geom_name": "gripper0_right_wiping_surface_vis",
    "body_id": 14,
    "body_name": "gripper0_right_wiping_gripper",
    "initial_keypoint": [
      -0.09792903762147687,
      -0.02114269003525164,
      1.0821476613872631
    ],
    "initial_pos": [
      -0.12298859903428098,
      0.011291202527395502,
      1.077884316743037
    ],
    "initial_rot": [
      [
        -0.028620801940441212,
        0.9969770728116663,
        0.07223272100762652
      ],
      [
        0.9995607265995308,
        0.027988889845670648,
        0.009745557194079373
      ],
      [
        0.007694383412736414,
        0.07247991675689541,
        -0.9973401917755091
      ]
    ],
    "keypoint_offset": [
      0.02505956141280412,
      -0.03243389256264714,
      0.004263344644226175
    ]
  },
  "385": {
    "geom_id": 75,
    "geom_name": "gripper0_right_wiping_surface_vis",
    "body_id": 14,
    "body_name": "gripper0_right_wiping_gripper",
    "initial_keypoint": [
      -0.09850367471392163,
      0.0,
      1.0818902430660569
    ],
    "initial_pos": [
      -0.12298859903428098,
      0.011291202527395502,
      1.077884316743037
    ],
    "initial_rot": [
      [
        -0.028620801940441212,
        0.9969770728116663,
        0.07223272100762652
      ],
      [
        0.9995607265995308,
        0.027988889845670648,
        0.009745557194079373
      ],
      [
        0.007694383412736414,
        0.07247991675689541,
        -0.9973401917755091
      ]
    ],
    "keypoint_offset": [
      0.024484924320359355,
      -0.011291202527395502,
      0.004005926323019882
    ]
  },
  "409": {
    "geom_id": 75,
    "geom_name": "gripper0_right_wiping_surface_vis",
    "body_id": 14,
    "body_name": "gripper0_right_wiping_gripper",
    "initial_keypoint": [
      -0.09908139562227358,
      0.021183437258563302,
      1.081631443297805
    ],
    "initial_pos": [
      -0.12298859903428098,
      0.011291202527395502,
      1.077884316743037
    ],
    "initial_rot": [
      [
        -0.028620801940441212,
        0.9969770728116663,
        0.07223272100762652
      ],
      [
        0.9995607265995308,
        0.027988889845670648,
        0.009745557194079373
      ],
      [
        0.007694383412736414,
        0.07247991675689541,
        -0.9973401917755091
      ]
    ],
    "keypoint_offset": [
      0.023907203412007402,
      0.0098922347311678,
      0.0037471265547679433
    ]
  },
  "432": {
    "geom_id": 75,
    "geom_name": "gripper0_right_wiping_surface_vis",
    "body_id": 14,
    "body_name": "gripper0_right_wiping_gripper",
    "initial_keypoint": [
      -0.12002978165130274,
      0.04278014867752109,
      1.0941591517120994
    ],
    "initial_pos": [
      -0.12298859903428098,
      0.011291202527395502,
      1.077884316743037
    ],
    "initial_rot": [
      [
        -0.028620801940441212,
        0.9969770728116663,
        0.07223272100762652
      ],
      [
        0.9995607265995308,
        0.027988889845670648,
        0.009745557194079373
      ],
      [
        0.007694383412736414,
        0.07247991675689541,
        -0.9973401917755091
      ]
    ],
    "keypoint_offset": [
      0.002958817382978249,
      0.03148894615012559,
      0.016274834969062457
    ]
  },
  "433": {
    "geom_id": 75,
    "geom_name": "gripper0_right_wiping_surface_vis",
    "body_id": 14,
    "body_name": "gripper0_right_wiping_gripper",
    "initial_keypoint": [
      -0.09965824375253862,
      0.042407669061121735,
      1.081373034505132
    ],
    "initial_pos": [
      -0.12298859903428098,
      0.011291202527395502,
      1.077884316743037
    ],
    "initial_rot": [
      [
        -0.028620801940441212,
        0.9969770728116663,
        0.07223272100762652
      ],
      [
        0.9995607265995308,
        0.027988889845670648,
        0.009745557194079373
      ],
      [
        0.007694383412736414,
        0.07247991675689541,
        -0.9973401917755091
      ]
    ],
    "keypoint_offset": [
      0.023330355281742363,
      0.031116466533726232,
      0.0034887177620950283
    ]
  },
  "456": {
    "geom_id": 75,
    "geom_name": "gripper0_right_wiping_surface_vis",
    "body_id": 14,
    "body_name": "gripper0_right_wiping_gripper",
    "initial_keypoint": [
      -0.11941735852391466,
      0.06410684004690208,
      1.094411853851672
    ],
    "initial_pos": [
      -0.12298859903428098,
      0.011291202527395502,
      1.077884316743037
    ],
    "initial_rot": [
      [
        -0.028620801940441212,
        0.9969770728116663,
        0.07223272100762652
      ],
      [
        0.9995607265995308,
        0.027988889845670648,
        0.009745557194079373
      ],
      [
        0.007694383412736414,
        0.07247991675689541,
        -0.9973401917755091
      ]
    ],
    "keypoint_offset": [
      0.003571240510366322,
      0.052815637519506575,
      0.016527537108635082
    ]
  },
  "457": {
    "geom_id": 75,
    "geom_name": "gripper0_right_wiping_surface_vis",
    "body_id": 14,
    "body_name": "gripper0_right_wiping_gripper",
    "initial_keypoint": [
      -0.10023823388391662,
      0.06367302870988062,
      1.0811132182003746
    ],
    "initial_pos": [
      -0.12298859903428098,
      0.011291202527395502,
      1.077884316743037
    ],
    "initial_rot": [
      [
        -0.028620801940441212,
        0.9969770728116663,
        0.07223272100762652
      ],
      [
        0.9995607265995308,
        0.027988889845670648,
        0.009745557194079373
      ],
      [
        0.007694383412736414,
        0.07247991675689541,
        -0.9973401917755091
      ]
    ],
    "keypoint_offset": [
      0.02275036515036437,
      0.05238182618248512,
      0.003228901457337674
    ]
  },
  "464": {
    "geom_id": 121,
    "geom_name": "red_cube_g0_vis",
    "body_id": 23,
    "body_name": "red_cube_main",
    "initial_keypoint": [
      -0.1556687292888863,
      0.08428479507852063,
      0.8548200086657243
    ],
    "initial_pos": [
      -0.13507724385908895,
      0.08362409129296447,
      0.8319747924614509
    ],
    "initial_rot": [
      [
        -0.3590334326889022,
        0.9333246992401002,
        0.0
      ],
      [
        -0.9333246992401002,
        -0.3590334326889022,
        0.0
      ],
      [
        0.0,
        0.0,
        1.0
      ]
    ],
    "keypoint_offset": [
      -0.020591485429797357,
      0.0006607037855561604,
      0.022845216204273378
    ]
  },
  "465": {
    "geom_id": 121,
    "geom_name": "red_cube_g0_vis",
    "body_id": 23,
    "body_name": "red_cube_main",
    "initial_keypoint": [
      -0.11417721909674228,
      0.08141458782640489,
      0.8524671175751133
    ],
    "initial_pos": [
      -0.13507724385908895,
      0.08362409129296447,
      0.8319747924614509
    ],
    "initial_rot": [
      [
        -0.3590334326889022,
        0.9333246992401002,
        0.0
      ],
      [
        -0.9333246992401002,
        -0.3590334326889022,
        0.0
      ],
      [
        0.0,
        0.0,
        1.0
      ]
    ],
    "keypoint_offset": [
      0.020900024762346675,
      -0.002209503466559584,
      0.02049232511366239
    ]
  },
  "466": {
    "geom_id": 121,
    "geom_name": "red_cube_g0_vis",
    "body_id": 23,
    "body_name": "red_cube_main",
    "initial_keypoint": [
      -0.11323120367170758,
      0.08390726243609485,
      0.8174302121202155
    ],
    "initial_pos": [
      -0.13507724385908895,
      0.08362409129296447,
      0.8319747924614509
    ],
    "initial_rot": [
      [
        -0.3590334326889022,
        0.9333246992401002,
        0.0
      ],
      [
        -0.9333246992401002,
        -0.3590334326889022,
        0.0
      ],
      [
        0.0,
        0.0,
        1.0
      ]
    ],
    "keypoint_offset": [
      0.02184604018738137,
      0.0002831711431303813,
      -0.014544580341235402
    ]
  },
  "495": {
    "geom_id": 123,
    "geom_name": "blue_cube_g0_vis",
    "body_id": 24,
    "body_name": "blue_cube_main",
    "initial_keypoint": [
      0.09471942384628868,
      0.08813042769389215,
      0.8524664192065088
    ],
    "initial_pos": [
      0.09722956357315454,
      0.09886593697073928,
      0.8308917695501989
    ],
    "initial_rot": [
      [
        0.16502757764657255,
        -0.9862889529017875,
        0.0
      ],
      [
        0.9862889529017875,
        0.16502757764657255,
        0.0
      ],
      [
        0.0,
        0.0,
        1.0
      ]
    ],
    "keypoint_offset": [
      -0.0025101397268658676,
      -0.010735509276847133,
      0.02157464965630984
    ]
  },
  "496": {
    "geom_id": 123,
    "geom_name": "blue_cube_g0_vis",
    "body_id": 24,
    "body_name": "blue_cube_main",
    "initial_keypoint": [
      0.1168032870739063,
      0.0866547548114409,
      0.8454579303001302
    ],
    "initial_pos": [
      0.09722956357315454,
      0.09886593697073928,
      0.8308917695501989
    ],
    "initial_rot": [
      [
        0.16502757764657255,
        -0.9862889529017875,
        0.0
      ],
      [
        0.9862889529017875,
        0.16502757764657255,
        0.0
      ],
      [
        0.0,
        0.0,
        1.0
      ]
    ],
    "keypoint_offset": [
      0.01957372350075176,
      -0.012211182159298381,
      0.014566160749931223
    ]
  },
  "519": {
    "geom_id": 123,
    "geom_name": "blue_cube_g0_vis",
    "body_id": 24,
    "body_name": "blue_cube_main",
    "initial_keypoint": [
      0.09471794787576915,
      0.1101634358144642,
      0.8524646072645089
    ],
    "initial_pos": [
      0.09722956357315454,
      0.09886593697073928,
      0.8308917695501989
    ],
    "initial_rot": [
      [
        0.16502757764657255,
        -0.9862889529017875,
        0.0
      ],
      [
        0.9862889529017875,
        0.16502757764657255,
        0.0
      ],
      [
        0.0,
        0.0,
        1.0
      ]
    ],
    "keypoint_offset": [
      -0.0025116156973853943,
      0.011297498843724912,
      0.021572837714309956
    ]
  },
  "520": {
    "geom_id": 123,
    "geom_name": "blue_cube_g0_vis",
    "body_id": 24,
    "body_name": "blue_cube_main",
    "initial_keypoint": [
      0.12026825858209111,
      0.10733899795037123,
      0.850020140353659
    ],
    "initial_pos": [
      0.09722956357315454,
      0.09886593697073928,
      0.8308917695501989
    ],
    "initial_rot": [
      [
        0.16502757764657255,
        -0.9862889529017875,
        0.0
      ],
      [
        0.9862889529017875,
        0.16502757764657255,
        0.0
      ],
      [
        0.0,
        0.0,
        1.0
      ]
    ],
    "keypoint_offset": [
      0.02303869500893657,
      0.00847306097963195,
      0.019128370803460082
    ]
  },
  "521": {
    "geom_id": 123,
    "geom_name": "blue_cube_g0_vis",
    "body_id": 24,
    "body_name": "blue_cube_main",
    "initial_keypoint": [
      0.1209591995591946,
      0.11159887788627995,
      0.8143739867615061
    ],
    "initial_pos": [
      0.09722956357315454,
      0.09886593697073928,
      0.8308917695501989
    ],
    "initial_rot": [
      [
        0.16502757764657255,
        -0.9862889529017875,
        0.0
      ],
      [
        0.9862889529017875,
        0.16502757764657255,
        0.0
      ],
      [
        0.0,
        0.0,
        1.0
      ]
    ],
    "keypoint_offset": [
      0.023729635986040054,
      0.01273294091554067,
      -0.01651778278869287
    ]
  }
}