{
  "297": {
    "geom_id": 121,
    "geom_name": "red_cube_g0_vis",
    "body_id": 23,
    "body_name": "red_cube_main",
    "initial_keypoint": [
      -0.1305904391371112,
      -0.11145373917780746,
      0.8391710909192104
    ],
    "initial_pos": [
      -0.14344936795185587,
      -0.0933083988249972,
      0.8314091572298464
    ],
    "initial_rot": [
      [
        0.5873032791606685,
        -0.8093669490948627,
        0.0
      ],
      [
        0.8093669490948627,
        0.5873032791606685,
        0.0
      ],
      [
        0.0,
        0.0,
        1.0
      ]
    ],
    "keypoint_offset": [
      0.012858928814744652,
      -0.018145340352810263,
      0.0077619336893639534
    ]
  },
  "320": {
    "geom_id": 121,
    "geom_name": "red_cube_g0_vis",
    "body_id": 23,
    "body_name": "red_cube_main",
    "initial_keypoint": [
      -0.15716214922283422,
      -0.08447677097652556,
      0.8536921347304326
    ],
    "initial_pos": [
      -0.14344936795185587,
      -0.0933083988249972,
      0.8314091572298464
    ],
    "initial_rot": [
      [
        0.5873032791606685,
        -0.8093669490948627,
        0.0
      ],
      [
        0.8093669490948627,
        0.5873032791606685,
        0.0
      ],
      [
        0.0,
        0.0,
        1.0
      ]
    ],
    "keypoint_offset": [
      -0.013712781270978358,
      0.008831627848471635,
      0.022282977500586165
    ]
  },
  "321": {
    "geom_id": 121,
    "geom_name": "red_cube_g0_vis",
    "body_id": 23,
    "body_name": "red_cube_main",
    "initial_keypoint": [
      -0.12507143749975935,
      -0.08285871221492729,
      0.8436419255697981
    ],
    "initial_pos": [
      -0.14344936795185587,
      -0.0933083988249972,
      0.8314091572298464
    ],
    "initial_rot": [
      [
        0.5873032791606685,
        -0.8093669490948627,
        0.0
      ],
      [
        0.8093669490948627,
        0.5873032791606685,
        0.0
      ],
      [
        0.0,
        0.0,
        1.0
      ]
    ],
    "keypoint_offset": [
      0.018377930452096514,
      0.010449686610069911,
      0.012232768339951683
    ]
  },
  "324": {
    "geom_id": 119,
    "geom_name": "green_cube_g0_vis",
    "body_id": 22,
    "body_name": "green_cube_main",
    "initial_keypoint": [
      0.0018607049605077752,
      -0.07285214675551648,
      0.8532090586972998
    ],
    "initial_pos": [
      0.011225066938264916,
      -0.053783280702471195,
      0.8312286641271036
    ],
    "initial_rot": [
      [
        0.25165320913421846,
        0.9678174736655922,
        0.0
      ],
      [
        -0.9678174736655922,
        0.25165320913421846,
        0.0
      ],
      [
        0.0,
        0.0,
        1.0
      ]
    ],
    "keypoint_offset": [
      -0.00936436197775714,
      -0.01906886605304528,
      0.021980394570196182
    ]
  },
  "325": {
    "geom_id": 119,
    "geom_name": "green_cube_g0_vis",
    "body_id": 22,
    "body_name": "green_cube_main",
    "initial_keypoint": [
      0.02729096197257841,
      -0.07159771452766621,
      0.8448646432587201
    ],
    "initial_pos": [
      0.011225066938264916,
      -0.053783280702471195,
      0.8312286641271036
    ],
    "initial_rot": [
      [
        0.25165320913421846,
        0.9678174736655922,
        0.0
      ],
      [
        -0.9678174736655922,
        0.25165320913421846,
        0.0
      ],
      [
        0.0,
        0.0,
        1.0
      ]
    ],
    "keypoint_offset": [
      0.016065895034313493,
      -0.017814433825195014,
      0.013635979131616516
    ]
  },
  "328": {
    "geom_id": 117,
    "geom_name": "light_cube_g0_vis",
    "body_id": 21,
    "body_name": "light_cube_main",
    "initial_keypoint": [
      0.08283222034870424,
      -0.07075263913058734,
      0.800729382958046
    ],
    "initial_pos": [
      0.12018307911271434,
      -0.04198810962385302,
      0.8316170175448412
    ],
    "initial_rot": [
      [
        -0.2494073085253345,
        -0.9683986753678201,
        0.0
      ],
      [
        0.9683986753678201,
        -0.2494073085253345,
        0.0
      ],
      [
        0.0,
        0.0,
        1.0
      ]
    ],
    "keypoint_offset": [
      -0.03735085876401009,
      -0.028764529506734318,
      -0.03088763458679522
    ]
  },
  "336": {
    "geom_id": 75,
    "geom_name": "gripper0_right_wiping_surface_vis",
    "body_id": 14,
    "body_name": "gripper0_right_wiping_gripper",
    "initial_keypoint": [
      -0.08081335107684628,
      -0.040074335537209,
      1.1103408983989627
    ],
    "initial_pos": [
      -0.10380518777827316,
      0.013902202468971456,
      1.0980908719935343
    ],
    "initial_rot": [
      [
        0.00185193373397232,
        0.9926957245732415,
        0.12063071232256653
      ],
      [
        0.9999529738805473,
        -0.0029866713160355625,
        0.009226582351951618
      ],
      [
        0.009519473141532057,
        0.12060795250917247,
        -0.9926545730628811
      ]
    ],
    "keypoint_offset": [
      0.022991836701426877,
      -0.053976538006180456,
      0.012250026405428383
    ]
  },
  "337": {
    "geom_id": 75,
    "geom_name": "gripper0_right_wiping_surface_vis",
    "body_id": 14,
    "body_name": "gripper0_right_wiping_gripper",
    "initial_keypoint": [
      -0.07846189694778039,
      -0.040908669139139674,
      1.090868293481491
    ],
    "initial_pos": [
      -0.10380518777827316,
      0.013902202468971456,
      1.0980908719935343
    ],
    "initial_rot": [
      [
        0.00185193373397232,
        0.9926957245732415,
        0.12063071232256653
      ],
      [
        0.9999529738805473,
        -0.0029866713160355625,
        0.009226582351951618
      ],
      [
        0.009519473141532057,
        0.12060795250917247,
        -0.9926545730628811
      ]
    ],
    "keypoint_offset": [
      0.025343290830492776,
      -0.05481087160811113,
      -0.007222578512043221
    ]
  },
  "348": {
    "geom_id": 119,
    "geom_name": "green_cube_g0_vis",
    "body_id": 22,
    "body_name": "green_cube_main",
    "initial_keypoint": [
      0.001862646341204588,
      -0.048567908554277096,
      0.8532109948231053
    ],
    "initial_pos": [
      0.011225066938264916,
      -0.053783280702471195,
      0.8312286641271036
    ],
    "initial_rot": [
      [
        0.25165320913421846,
        0.9678174736655922,
        0.0
      ],
      [
        -0.9678174736655922,
        0.25165320913421846,
        0.0
      ],
      [
        0.0,
        0.0,
        1.0
      ]
    ],
    "keypoint_offset": [
      -0.009362420597060328,
      0.005215372148194099,
      0.02198233069600164
    ]
  },
  "349": {
    "geom_id": 119,
    "geom_name": "green_cube_g0_vis",
    "body_id": 22,
    "body_name": "green_cube_main",
    "initial_keypoint": [
      0.0297095388538815,
      -0.04748759380997353,
      0.8474491267305009
    ],
    "initial_pos": [
      0.011225066938264916,
      -0.053783280702471195,
      0.8312286641271036
    ],
    "initial_rot": [
      [
        0.25165320913421846,
        0.9678174736655922,
        0.0
      ],
      [
        -0.9678174736655922,
        0.25165320913421846,
        0.0
      ],
      [
        0.0,
        0.0,
        1.0
      ]
    ],
    "keypoint_offset": [
      0.018484471915616585,
      0.006295686892497668,
      0.016220462603397268
    ]
  },
  "350": {
    "geom_id": 119,
    "geom_name": "green_cube_g0_vis",
    "body_id": 22,
    "body_name": "green_cube_main",
    "initial_keypoint": [
      0.030125114785138296,
      -0.0491996808270522,
      0.8119122106148706
    ],
    "initial_pos": [
      0.011225066938264916,
      -0.053783280702471195,
      0.8312286641271036
    ],
    "initial_rot": [
      [
        0.25165320913421846,
        0.9678174736655922,
        0.0
      ],
      [
        -0.9678174736655922,
        0.25165320913421846,
        0.0
      ],
      [
        0.0,
        0.0,
        1.0
      ]
    ],
    "keypoint_offset": [
      0.01890004784687338,
      0.004583599875418995,
      -0.01931645351223299
    ]
  },
  "352": {
    "geom_id": 117,
    "geom_name": "light_cube_g0_vis",
    "body_id": 21,
    "body_name": "light_cube_main",
    "initial_keypoint": [
      0.12321059661484729,
      -0.042602914201128286,
      0.853894216698071
    ],
    "initial_pos": [
      0.12018307911271434,
      -0.04198810962385302,
      0.8316170175448412
    ],
    "initial_rot": [
      [
        -0.2494073085253345,
        -0.9683986753678201,
        0.0
      ],
      [
        0.9683986753678201,
        -0.2494073085253345,
        0.0
      ],
      [
        0.0,
        0.0,
        1.0
      ]
    ],
    "keypoint_offset": [
      0.0030275175021329537,
      -0.0006148045772752658,
      0.022277199153229787
    ]
  },
  "353": {
    "geom_id": 117,
    "geom_name": "light_cube_g0_vis",
    "body_id": 21,
    "body_name": "light_cube_main",
    "initial_keypoint": [
      0.1411056466172162,
      -0.04226690854458094,
      0.8428431149030127
    ],
    "initial_pos": [
      0.12018307911271434,
      -0.04198810962385302,
      0.8316170175448412
    ],
    "initial_rot": [
      [
        -0.2494073085253345,
        -0.9683986753678201,
        0.0
      ],
      [
        0.9683986753678201,
        -0.2494073085253345,
        0.0
      ],
      [
        0.0,
        0.0,
        1.0
      ]
    ],
    "keypoint_offset": [
      0.02092256750450186,
      -0.00027879892072792123,
      0.011226097358171483
    ]
  },
  "360": {
    "geom_id": 75,
    "geom_name": "gripper0_right_wiping_surface_vis",
    "body_id": 14,
    "body_name": "gripper0_right_wiping_gripper",
    "initial_keypoint": [
      -0.08075651601594447,
      -0.020035207046371933,
      1.1103643500630986
    ],
    "initial_pos": [
      -0.10380518777827316,
      0.013902202468971456,
      1.0980908719935343
    ],
    "initial_rot": [
      [
        0.00185193373397232,
        0.9926957245732415,
        0.12063071232256653
      ],
      [
        0.9999529738805473,
        -0.0029866713160355625,
        0.009226582351951618
      ],
      [
        0.009519473141532057,
        0.12060795250917247,
        -0.9926545730628811
      ]
    ],
    "keypoint_offset": [
      0.023048671762328693,
      -0.03393740951534339,
      0.012273478069564359
    ]
  },
  "361": {
    "geom_id": 75,
    "geom_name": "gripper0_right_wiping_surface_vis",
    "body_id": 14,
    "body_name": "gripper0_right_wiping_gripper",
    "initial_keypoint": [
      -0.07840411903842459,
      -0.02045229155049645,
      1.09089417606482
    ],
    "initial_pos": [
      -0.10380518777827316,
      0.013902202468971456,
      1.0980908719935343
    ],
    "initial_rot": [
      [
        0.00185193373397232,
        0.9926957245732415,
        0.12063071232256653
      ],
      [
        0.9999529738805473,
        -0.0029866713160355625,
        0.009226582351951618
      ],
      [
        0.009519473141532057,
        0.12060795250917247,
        -0.9926545730628811
      ]
    ],
    "keypoint_offset": [
      0.02540106873984857,
      -0.034354494019467906,
      -0.007196695928714192
    ]
  },
  "376": {
    "geom_id": 117,
    "geom_name": "light_cube_g0_vis",
    "body_id": 21,
    "body_name": "light_cube_main",
    "initial_keypoint": [
      0.12321059661484729,
      -0.021301457100564143,
      0.853894216698071
    ],
    "initial_pos": [
      0.12018307911271434,
      -0.04198810962385302,
      0.8316170175448412
    ],
    "initial_rot": [
      [
        -0.2494073085253345,
        -0.9683986753678201,
        0.0
      ],
      [
        0.9683986753678201,
        -0.2494073085253345,
        0.0
      ],
      [
        0.0,
        0.0,
        1.0
      ]
    ],
    "keypoint_offset": [
      0.0030275175021329537,
      0.020686652523288877,
      0.022277199153229787
    ]
  },
  "377": {
    "geom_id": 117,
    "geom_name": "light_cube_g0_vis",
    "body_id": 21,
    "body_name": "light_cube_main",
    "initial_keypoint": [
      0.1357318841104599,
      -0.021449887682669484,
      0.8352494020778047
    ],
    "initial_pos": [
      0.12018307911271434,
      -0.04198810962385302,
      0.8316170175448412
    ],
    "initial_rot": [
      [
        -0.2494073085253345,
        -0.9683986753678201,
        0.0
      ],
      [
        0.9683986753678201,
        -0.2494073085253345,
        0.0
      ],
      [
        0.0,
        0.0,
        1.0
      ]
    ],
    "keypoint_offset": [
      0.015548804997745552,
      0.020538221941183536,
      0.0036323845329635507
    ]
  },
  "384": {
    "geom_id": 75,
    "geom_name": "gripper0_right_wiping_surface_vis",
    "body_id": 14,
    "body_name": "gripper0_right_wiping_gripper",
    "initial_keypoint": [
      -0.08069974059309182,
      0.0,
      1.1103877771189827
    ],
    "initial_pos": [
      -0.10380518777827316,
      0.013902202468971456,
      1.0980908719935343
    ],
    "initial_rot": [
      [
        0.00185193373397232,
        0.9926957245732415,
        0.12063071232256653
      ],
      [
        0.9999529738805473,
        -0.0029866713160355625,
        0.009226582351951618
      ],
      [
        0.009519473141532057,
        0.12060795250917247,
        -0.9926545730628811
      ]
    ],
    "keypoint_offset": [
      0.023105447185181344,
      -0.013902202468971456,
      0.012296905125448454
    ]
  },
  "385": {
    "geom_id": 75,
    "geom_name": "gripper0_right_wiping_surface_vis",
    "body_id": 14,
    "body_name": "gripper0_right_wiping_gripper",
    "initial_keypoint": [
      -0.07834442101727745,
      0.0,
      1.0909209187944229
    ],
    "initial_pos": [
      -0.10380518777827316,
      0.013902202468971456,
      1.0980908719935343
    ],
    "initial_rot": [
      [
        0.00185193373397232,
        0.9926957245732415,
        0.12063071232256653
      ],
      [
        0.9999529738805473,
        -0.0029866713160355625,
        0.009226582351951618
      ],
      [
        0.009519473141532057,
        0.12060795250917247,
        -0.9926545730628811
      ]
    ],
    "keypoint_offset": [
      0.025460766760995707,
      -0.013902202468971456,
      -0.007169953199111401
    ]
  },
  "408": {
    "geom_id": 75,
    "geom_name": "gripper0_right_wiping_surface_vis",
    "body_id": 14,
    "body_name": "gripper0_right_wiping_gripper",
    "initial_keypoint": [
      -0.08064296517023928,
      0.020031289716748838,
      1.1104112041748668
    ],
    "initial_pos": [
      -0.10380518777827316,
      0.013902202468971456,
      1.0980908719935343
    ],
    "initial_rot": [
      [
        0.00185193373397232,
        0.9926957245732415,
        0.12063071232256653
      ],
      [
        0.9999529738805473,
        -0.0029866713160355625,
        0.009226582351951618
      ],
      [
        0.009519473141532057,
        0.12060795250917247,
        -0.9926545730628811
      ]
    ],
    "keypoint_offset": [
      0.023162222608033883,
      0.006129087247777382,
      0.01232033218133255
    ]
  },
  "409": {
    "geom_id": 75,
    "geom_name": "gripper0_right_wiping_surface_vis",
    "body_id": 14,
    "body_name": "gripper0_right_wiping_gripper",
    "initial_keypoint": [
      -0.07828670129312743,
      0.020448139674877013,
      1.0909467753127136
    ],
    "initial_pos": [
      -0.10380518777827316,
      0.013902202468971456,
      1.0980908719935343
    ],
    "initial_rot": [
      [
        0.00185193373397232,
        0.9926957245732415,
        0.12063071232256653
      ],
      [
        0.9999529738805473,
        -0.0029866713160355625,
        0.009226582351951618
      ],
      [
        0.009519473141532057,
        0.12060795250917247,
        -0.9926545730628811
      ]
    ],
    "keypoint_offset": [
      0.025518486485145736,
      0.006545937205905556,
      -0.007144096680820722
    ]
  },
  "432": {
    "geom_id": 75,
    "geom_name": "gripper0_right_wiping_surface_vis",
    "body_id": 14,
    "body_name": "gripper0_right_wiping_gripper",
    "initial_keypoint": [
      -0.08058428132981177,
      0.04005853042892926,
      1.1104354186948142
    ],
    "initial_pos": [
      -0.10380518777827316,
      0.013902202468971456,
      1.0980908719935343
    ],
    "initial_rot": [
      [
        0.00185193373397232,
        0.9926957245732415,
        0.12063071232256653
      ],
      [
        0.9999529738805473,
        -0.0029866713160355625,
        0.009226582351951618
      ],
      [
        0.009519473141532057,
        0.12060795250917247,
        -0.9926545730628811
      ]
    ],
    "keypoint_offset": [
      0.023220906448461393,
      0.026156327959957808,
      0.012344546701279935
    ]
  },
  "433": {
    "geom_id": 75,
    "geom_name": "gripper0_right_wiping_surface_vis",
    "body_id": 14,
    "body_name": "gripper0_right_wiping_gripper",
    "initial_keypoint": [
      -0.07822898156897751,
      0.040892197426449284,
      1.0909726318310038
    ],
    "initial_pos": [
      -0.10380518777827316,
      0.013902202468971456,
      1.0980908719935343
    ],
    "initial_rot": [
      [
        0.00185193373397232,
        0.9926957245732415,
        0.12063071232256653
      ],
      [
        0.9999529738805473,
        -0.0029866713160355625,
        0.009226582351951618
      ],
      [
        0.009519473141532057,
        0.12060795250917247,
        -0.9926545730628811
      ]
    ],
    "keypoint_offset": [
      0.025576206209295654,
      0.02698999495747783,
      -0.007118240162530487
    ]
  },
  "456": {
    "geom_id": 75,
    "geom_name": "gripper0_right_wiping_surface_vis",
    "body_id": 14,
    "body_name": "gripper0_right_wiping_gripper",
    "initial_keypoint": [
      -0.08052750590695923,
      0.06008191964895925,
      1.110458845750698
    ],
    "initial_pos": [
      -0.10380518777827316,
      0.013902202468971456,
      1.0980908719935343
    ],
    "initial_rot": [
      [
        0.00185193373397232,
        0.9926957245732415,
        0.12063071232256653
      ],
      [
        0.9999529738805473,
        -0.0029866713160355625,
        0.009226582351951618
      ],
      [
        0.009519473141532057,
        0.12060795250917247,
        -0.9926545730628811
      ]
    ],
    "keypoint_offset": [
      0.023277681871313932,
      0.0461797171799878,
      0.012367973757163808
    ]
  },
  "457": {
    "geom_id": 75,
    "geom_name": "gripper0_right_wiping_surface_vis",
    "body_id": 14,
    "body_name": "gripper0_right_wiping_gripper",
    "initial_keypoint": [
      -0.07817126184482759,
      0.06133217325471682,
      1.0909984883492942
    ],
    "initial_pos": [
      -0.10380518777827316,
      0.013902202468971456,
      1.0980908719935343
    ],
    "initial_rot": [
      [
        0.00185193373397232,
        0.9926957245732415,
        0.12063071232256653
      ],
      [
        0.9999529738805473,
        -0.0029866713160355625,
        0.009226582351951618
      ],
      [
        0.009519473141532057,
        0.12060795250917247,
        -0.9926545730628811
      ]
    ],
    "keypoint_offset": [
      0.025633925933445573,
      0.047429970785745366,
      -0.00709238364424003
    ]
  }
}