{
  "312": {
    "geom_id": 75,
    "geom_name": "gripper0_right_wiping_surface_vis",
    "body_id": 14,
    "body_name": "gripper0_right_wiping_gripper",
    "initial_keypoint": [
      -0.0860480212086373,
      -0.06065326752378232,
      1.1081809336897548
    ],
    "initial_pos": [
      -0.10701923924084478,
      -0.00516712657970126,
      1.089984650513883
    ],
    "initial_rot": [
      [
        0.006056408531302275,
        0.9935967242633225,
        0.11282229145383993
      ],
      [
        0.9999816118787986,
        -0.006052662954315853,
        -0.00037573320222168
      ],
      [
        0.0003095480249792615,
        0.112822492457642,
        -0.9936151112858859
      ]
    ],
    "keypoint_offset": [
      0.020971218032207473,
      -0.05548614094408106,
      0.01819628317587174
    ]
  },
  "313": {
    "geom_id": 75,
    "geom_name": "gripper0_right_wiping_surface_vis",
    "body_id": 14,
    "body_name": "gripper0_right_wiping_gripper",
    "initial_keypoint": [
      -0.0826515226911465,
      -0.06180743751045997,
      1.088991480377152
    ],
    "initial_pos": [
      -0.10701923924084478,
      -0.00516712657970126,
      1.089984650513883
    ],
    "initial_rot": [
      [
        0.006056408531302275,
        0.9935967242633225,
        0.11282229145383993
      ],
      [
        0.9999816118787986,
        -0.006052662954315853,
        -0.00037573320222168
      ],
      [
        0.0003095480249792615,
        0.112822492457642,
        -0.9936151112858859
      ]
    ],
    "keypoint_offset": [
      0.02436771654969827,
      -0.05664031093075871,
      -0.0009931701367309476
    ]
  },
  "321": {
    "geom_id": 119,
    "geom_name": "blue_cube_g0_vis",
    "body_id": 22,
    "body_name": "blue_cube_main",
    "initial_keypoint": [
      -0.11258087177132003,
      -0.081202977959601,
      0.853760287138349
    ],
    "initial_pos": [
      -0.12066105849600647,
      -0.07596794935591762,
      0.831461570466858
    ],
    "initial_rot": [
      [
        0.5367176742265396,
        0.8437618966111554,
        0.0
      ],
      [
        -0.8437618966111554,
        0.5367176742265396,
        0.0
      ],
      [
        0.0,
        0.0,
        1.0
      ]
    ],
    "keypoint_offset": [
      0.008080186724686439,
      -0.005235028603683384,
      0.02229871667149097
    ]
  },
  "322": {
    "geom_id": 119,
    "geom_name": "blue_cube_g0_vis",
    "body_id": 22,
    "body_name": "blue_cube_main",
    "initial_keypoint": [
      -0.09291333685680836,
      -0.08112720725825681,
      0.8350755666863108
    ],
    "initial_pos": [
      -0.12066105849600647,
      -0.07596794935591762,
      0.831461570466858
    ],
    "initial_rot": [
      [
        0.5367176742265396,
        0.8437618966111554,
        0.0
      ],
      [
        -0.8437618966111554,
        0.5367176742265396,
        0.0
      ],
      [
        0.0,
        0.0,
        1.0
      ]
    ],
    "keypoint_offset": [
      0.027747721639198114,
      -0.00515925790233919,
      0.0036139962194527975
    ]
  },
  "336": {
    "geom_id": 75,
    "geom_name": "gripper0_right_wiping_surface_vis",
    "body_id": 14,
    "body_name": "gripper0_right_wiping_gripper",
    "initial_keypoint": [
      -0.0860750372449317,
      -0.04043737570596615,
      1.1081697861516082
    ],
    "initial_pos": [
      -0.10701923924084478,
      -0.00516712657970126,
      1.089984650513883
    ],
    "initial_rot": [
      [
        0.006056408531302275,
        0.9935967242633225,
        0.11282229145383993
      ],
      [
        0.9999816118787986,
        -0.006052662954315853,
        -0.00037573320222168
      ],
      [
        0.0003095480249792615,
        0.112822492457642,
        -0.9936151112858859
      ]
    ],
    "keypoint_offset": [
      0.02094420199591307,
      -0.03527024912626489,
      0.01818513563772517
    ]
  },
  "337": {
    "geom_id": 75,
    "geom_name": "gripper0_right_wiping_surface_vis",
    "body_id": 14,
    "body_name": "gripper0_right_wiping_gripper",
    "initial_keypoint": [
      -0.08253235938967562,
      -0.041196531143806545,
      1.0890448615762034
    ],
    "initial_pos": [
      -0.10701923924084478,
      -0.00516712657970126,
      1.089984650513883
    ],
    "initial_rot": [
      [
        0.006056408531302275,
        0.9935967242633225,
        0.11282229145383993
      ],
      [
        0.9999816118787986,
        -0.006052662954315853,
        -0.00037573320222168
      ],
      [
        0.0003095480249792615,
        0.112822492457642,
        -0.9936151112858859
      ]
    ],
    "keypoint_offset": [
      0.024486879851169152,
      -0.036029404564105284,
      -0.0009397889376796531
    ]
  },
  "345": {
    "geom_id": 119,
    "geom_name": "blue_cube_g0_vis",
    "body_id": 22,
    "body_name": "blue_cube_main",
    "initial_keypoint": [
      -0.11257817114873014,
      -0.05413507997889563,
      0.8537624748595795
    ],
    "initial_pos": [
      -0.12066105849600647,
      -0.07596794935591762,
      0.831461570466858
    ],
    "initial_rot": [
      [
        0.5367176742265396,
        0.8437618966111554,
        0.0
      ],
      [
        -0.8437618966111554,
        0.5367176742265396,
        0.0
      ],
      [
        0.0,
        0.0,
        1.0
      ]
    ],
    "keypoint_offset": [
      0.00808288734727633,
      0.021832869377021995,
      0.022300904392721477
    ]
  },
  "346": {
    "geom_id": 119,
    "geom_name": "blue_cube_g0_vis",
    "body_id": 22,
    "body_name": "blue_cube_main",
    "initial_keypoint": [
      -0.10919912584194114,
      -0.0555703739163979,
      0.8209319302677206
    ],
    "initial_pos": [
      -0.12066105849600647,
      -0.07596794935591762,
      0.831461570466858
    ],
    "initial_rot": [
      [
        0.5367176742265396,
        0.8437618966111554,
        0.0
      ],
      [
        -0.8437618966111554,
        0.5367176742265396,
        0.0
      ],
      [
        0.0,
        0.0,
        1.0
      ]
    ],
    "keypoint_offset": [
      0.011461932654065338,
      0.02039757543951972,
      -0.01052964019913738
    ]
  },
  "361": {
    "geom_id": 75,
    "geom_name": "gripper0_right_wiping_surface_vis",
    "body_id": 14,
    "body_name": "gripper0_right_wiping_gripper",
    "initial_keypoint": [
      -0.0824132542734104,
      -0.02059405403107424,
      1.0890982167102161
    ],
    "initial_pos": [
      -0.10701923924084478,
      -0.00516712657970126,
      1.089984650513883
    ],
    "initial_rot": [
      [
        0.006056408531302275,
        0.9935967242633225,
        0.11282229145383993
      ],
      [
        0.9999816118787986,
        -0.006052662954315853,
        -0.00037573320222168
      ],
      [
        0.0003095480249792615,
        0.112822492457642,
        -0.9936151112858859
      ]
    ],
    "keypoint_offset": [
      0.02460598496743438,
      -0.01542692745137298,
      -0.0008864338036669306
    ]
  },
  "385": {
    "geom_id": 75,
    "geom_name": "gripper0_right_wiping_surface_vis",
    "body_id": 14,
    "body_name": "gripper0_right_wiping_gripper",
    "initial_keypoint": [
      -0.08229420734235116,
      0.0,
      1.08915154577919
    ],
    "initial_pos": [
      -0.10701923924084478,
      -0.00516712657970126,
      1.089984650513883
    ],
    "initial_rot": [
      [
        0.006056408531302275,
        0.9935967242633225,
        0.11282229145383993
      ],
      [
        0.9999816118787986,
        -0.006052662954315853,
        -0.00037573320222168
      ],
      [
        0.0003095480249792615,
        0.112822492457642,
        -0.9936151112858859
      ]
    ],
    "keypoint_offset": [
      0.02472503189849362,
      0.00516712657970126,
      -0.0008331047346930021
    ]
  },
  "408": {
    "geom_id": 75,
    "geom_name": "gripper0_right_wiping_surface_vis",
    "body_id": 14,
    "body_name": "gripper0_right_wiping_gripper",
    "initial_keypoint": [
      -0.08614833240741682,
      0.020221216423417312,
      1.1081395426099259
    ],
    "initial_pos": [
      -0.10701923924084478,
      -0.00516712657970126,
      1.089984650513883
    ],
    "initial_rot": [
      [
        0.006056408531302275,
        0.9935967242633225,
        0.11282229145383993
      ],
      [
        0.9999816118787986,
        -0.006052662954315853,
        -0.00037573320222168
      ],
      [
        0.0003095480249792615,
        0.112822492457642,
        -0.9936151112858859
      ]
    ],
    "keypoint_offset": [
      0.02087090683342796,
      0.025388343003118572,
      0.01815489209604282
    ]
  },
  "409": {
    "geom_id": 75,
    "geom_name": "gripper0_right_wiping_surface_vis",
    "body_id": 14,
    "body_name": "gripper0_right_wiping_gripper",
    "initial_keypoint": [
      -0.08217324029950057,
      0.020585567169364542,
      1.089205734994438
    ],
    "initial_pos": [
      -0.10701923924084478,
      -0.00516712657970126,
      1.089984650513883
    ],
    "initial_rot": [
      [
        0.006056408531302275,
        0.9935967242633225,
        0.11282229145383993
      ],
      [
        0.9999816118787986,
        -0.006052662954315853,
        -0.00037573320222168
      ],
      [
        0.0003095480249792615,
        0.112822492457642,
        -0.9936151112858859
      ]
    ],
    "keypoint_offset": [
      0.024845998941344205,
      0.025752693749065803,
      -0.0007789155194450892
    ]
  },
  "420": {
    "geom_id": 121,
    "geom_name": "red_cube_g0_vis",
    "body_id": 23,
    "body_name": "red_cube_main",
    "initial_keypoint": [
      -0.021811014119179073,
      0.025438033737291293,
      0.8296014137655375
    ],
    "initial_pos": [
      -0.01436667313086451,
      0.05404949441659146,
      0.8311587615748937
    ],
    "initial_rot": [
      [
        0.8785352730581344,
        -0.47767747905115765,
        0.0
      ],
      [
        0.47767747905115765,
        0.8785352730581344,
        0.0
      ],
      [
        0.0,
        0.0,
        1.0
      ]
    ],
    "keypoint_offset": [
      -0.007444340988314563,
      -0.028611460679300166,
      -0.0015573478093561244
    ]
  },
  "432": {
    "geom_id": 75,
    "geom_name": "gripper0_right_wiping_surface_vis",
    "body_id": 14,
    "body_name": "gripper0_right_wiping_gripper",
    "initial_keypoint": [
      -0.08617344002613636,
      0.04044416519533391,
      1.1081291825358428
    ],
    "initial_pos": [
      -0.10701923924084478,
      -0.00516712657970126,
      1.089984650513883
    ],
    "initial_rot": [
      [
        0.006056408531302275,
        0.9935967242633225,
        0.11282229145383993
      ],
      [
        0.9999816118787986,
        -0.006052662954315853,
        -0.00037573320222168
      ],
      [
        0.0003095480249792615,
        0.112822492457642,
        -0.9936151112858859
      ]
    ],
    "keypoint_offset": [
      0.020845799214708416,
      0.04561129177503517,
      0.01814453202195976
    ]
  },
  "433": {
    "geom_id": 75,
    "geom_name": "gripper0_right_wiping_surface_vis",
    "body_id": 14,
    "body_name": "gripper0_right_wiping_gripper",
    "initial_keypoint": [
      -0.08205430973885275,
      0.041162723601597145,
      1.089259011933335
    ],
    "initial_pos": [
      -0.10701923924084478,
      -0.00516712657970126,
      1.089984650513883
    ],
    "initial_rot": [
      [
        0.006056408531302275,
        0.9935967242633225,
        0.11282229145383993
      ],
      [
        0.9999816118787986,
        -0.006052662954315853,
        -0.00037573320222168
      ],
      [
        0.0003095480249792615,
        0.112822492457642,
        -0.9936151112858859
      ]
    ],
    "keypoint_offset": [
      0.024964929501992028,
      0.046329850181298406,
      -0.0007256385805480825
    ]
  },
  "443": {
    "geom_id": 121,
    "geom_name": "red_cube_g0_vis",
    "body_id": 23,
    "body_name": "red_cube_main",
    "initial_keypoint": [
      -0.03388127943212893,
      0.05032065021072151,
      0.8530977692097075
    ],
    "initial_pos": [
      -0.01436667313086451,
      0.05404949441659146,
      0.8311587615748937
    ],
    "initial_rot": [
      [
        0.8785352730581344,
        -0.47767747905115765,
        0.0
      ],
      [
        0.47767747905115765,
        0.8785352730581344,
        0.0
      ],
      [
        0.0,
        0.0,
        1.0
      ]
    ],
    "keypoint_offset": [
      -0.01951460630126442,
      -0.003728844205869948,
      0.021939007634813823
    ]
  },
  "444": {
    "geom_id": 121,
    "geom_name": "red_cube_g0_vis",
    "body_id": 23,
    "body_name": "red_cube_main",
    "initial_keypoint": [
      0.0017208833464076312,
      0.04858173030869304,
      0.85306961554962
    ],
    "initial_pos": [
      -0.01436667313086451,
      0.05404949441659146,
      0.8311587615748937
    ],
    "initial_rot": [
      [
        0.8785352730581344,
        -0.47767747905115765,
        0.0
      ],
      [
        0.47767747905115765,
        0.8785352730581344,
        0.0
      ],
      [
        0.0,
        0.0,
        1.0
      ]
    ],
    "keypoint_offset": [
      0.01608755647727214,
      -0.005467764107898419,
      0.021910853974726363
    ]
  },
  "445": {
    "geom_id": 121,
    "geom_name": "red_cube_g0_vis",
    "body_id": 23,
    "body_name": "red_cube_main",
    "initial_keypoint": [
      0.010940852490867237,
      0.04938276249398536,
      0.8273929688852675
    ],
    "initial_pos": [
      -0.01436667313086451,
      0.05404949441659146,
      0.8311587615748937
    ],
    "initial_rot": [
      [
        0.8785352730581344,
        -0.47767747905115765,
        0.0
      ],
      [
        0.47767747905115765,
        0.8785352730581344,
        0.0
      ],
      [
        0.0,
        0.0,
        1.0
      ]
    ],
    "keypoint_offset": [
      0.025307525621731747,
      -0.004666731922606096,
      -0.0037657926896261795
    ]
  },
  "468": {
    "geom_id": 121,
    "geom_name": "red_cube_g0_vis",
    "body_id": 23,
    "body_name": "red_cube_main",
    "initial_keypoint": [
      -0.0021282837204161797,
      0.07343553054330966,
      0.8492308673332057
    ],
    "initial_pos": [
      -0.01436667313086451,
      0.05404949441659146,
      0.8311587615748937
    ],
    "initial_rot": [
      [
        0.8785352730581344,
        -0.47767747905115765,
        0.0
      ],
      [
        0.47767747905115765,
        0.8785352730581344,
        0.0
      ],
      [
        0.0,
        0.0,
        1.0
      ]
    ],
    "keypoint_offset": [
      0.01223838941044833,
      0.0193860361267182,
      0.018072105758312085
    ]
  },
  "469": {
    "geom_id": 121,
    "geom_name": "red_cube_g0_vis",
    "body_id": 23,
    "body_name": "red_cube_main",
    "initial_keypoint": [
      -0.003720776544341553,
      0.07629483140659557,
      0.8117255992829988
    ],
    "initial_pos": [
      -0.01436667313086451,
      0.05404949441659146,
      0.8311587615748937
    ],
    "initial_rot": [
      [
        0.8785352730581344,
        -0.47767747905115765,
        0.0
      ],
      [
        0.47767747905115765,
        0.8785352730581344,
        0.0
      ],
      [
        0.0,
        0.0,
        1.0
      ]
    ],
    "keypoint_offset": [
      0.010645896586522957,
      0.02224533699000411,
      -0.019433162291894845
    ]
  },
  "471": {
    "geom_id": 117,
    "geom_name": "light_cube_g0_vis",
    "body_id": 21,
    "body_name": "light_cube_main",
    "initial_keypoint": [
      0.09598993170040743,
      0.06589061172717817,
      0.8540261295881044
    ],
    "initial_pos": [
      0.09559666052273144,
      0.07682080622954415,
      0.831674113988795
    ],
    "initial_rot": [
      [
        0.9891453018264653,
        0.14694070870467094,
        0.0
      ],
      [
        -0.14694070870467094,
        0.9891453018264653,
        0.0
      ],
      [
        0.0,
        0.0,
        1.0
      ]
    ],
    "keypoint_offset": [
      0.00039327117767598563,
      -0.010930194502365986,
      0.022352015599309438
    ]
  },
  "472": {
    "geom_id": 117,
    "geom_name": "light_cube_g0_vis",
    "body_id": 21,
    "body_name": "light_cube_main",
    "initial_keypoint": [
      0.11408876643243099,
      0.06545145521034537,
      0.8418838133609874
    ],
    "initial_pos": [
      0.09559666052273144,
      0.07682080622954415,
      0.831674113988795
    ],
    "initial_rot": [
      [
        0.9891453018264653,
        0.14694070870467094,
        0.0
      ],
      [
        -0.14694070870467094,
        0.9891453018264653,
        0.0
      ],
      [
        0.0,
        0.0,
        1.0
      ]
    ],
    "keypoint_offset": [
      0.018492105909699547,
      -0.011369351019198781,
      0.010209699372192405
    ]
  },
  "495": {
    "geom_id": 117,
    "geom_name": "light_cube_g0_vis",
    "body_id": 21,
    "body_name": "light_cube_main",
    "initial_keypoint": [
      0.09599140767092695,
      0.08785382801189168,
      0.8540279415301044
    ],
    "initial_pos": [
      0.09559666052273144,
      0.07682080622954415,
      0.831674113988795
    ],
    "initial_rot": [
      [
        0.9891453018264653,
        0.14694070870467094,
        0.0
      ],
      [
        -0.14694070870467094,
        0.9891453018264653,
        0.0
      ],
      [
        0.0,
        0.0,
        1.0
      ]
    ],
    "keypoint_offset": [
      0.00039474714819551227,
      0.011033021782347524,
      0.022353827541309435
    ]
  },
  "496": {
    "geom_id": 117,
    "geom_name": "light_cube_g0_vis",
    "body_id": 21,
    "body_name": "light_cube_main",
    "initial_keypoint": [
      0.11722838850322759,
      0.08655862387167751,
      0.8460176468836685
    ],
    "initial_pos": [
      0.09559666052273144,
      0.07682080622954415,
      0.831674113988795
    ],
    "initial_rot": [
      [
        0.9891453018264653,
        0.14694070870467094,
        0.0
      ],
      [
        -0.14694070870467094,
        0.9891453018264653,
        0.0
      ],
      [
        0.0,
        0.0,
        1.0
      ]
    ],
    "keypoint_offset": [
      0.021631727980496146,
      0.009737817642133356,
      0.014343532894873556
    ]
  }
}