{
  "278": {
    "geom_id": 125,
    "geom_name": "light_cube_g0_vis",
    "body_id": 25,
    "body_name": "light_cube_main",
    "initial_keypoint": [
      0.06697818026465202,
      -0.11335217093155786,
      0.8541153271463471
    ],
    "initial_pos": [
      0.0688740235433172,
      -0.10167134366666972,
      0.8317055385135559
    ],
    "initial_rot": [
      [
        -0.8342661971549777,
        -0.5513618705392781,
        0.0
      ],
      [
        0.5513618705392781,
        -0.8342661971549777,
        0.0
      ],
      [
        0.0,
        0.0,
        0.9999999999999999
      ]
    ],
    "keypoint_offset": [
      -0.0018958432786651824,
      -0.011680827264888144,
      0.022409788632791194
    ]
  },
  "279": {
    "geom_id": 125,
    "geom_name": "light_cube_g0_vis",
    "body_id": 25,
    "body_name": "light_cube_main",
    "initial_keypoint": [
      0.08630374270719865,
      -0.11245057817904494,
      0.8421350976028807
    ],
    "initial_pos": [
      0.0688740235433172,
      -0.10167134366666972,
      0.8317055385135559
    ],
    "initial_rot": [
      [
        -0.8342661971549777,
        -0.5513618705392781,
        0.0
      ],
      [
        0.5513618705392781,
        -0.8342661971549777,
        0.0
      ],
      [
        0.0,
        0.0,
        0.9999999999999999
      ]
    ],
    "keypoint_offset": [
      0.017429719163881446,
      -0.010779234512375224,
      0.010429559089324858
    ]
  },
  "302": {
    "geom_id": 125,
    "geom_name": "light_cube_g0_vis",
    "body_id": 25,
    "body_name": "light_cube_main",
    "initial_keypoint": [
      0.06697656903675653,
      -0.09068207416229365,
      0.854113482012496
    ],
    "initial_pos": [
      0.0688740235433172,
      -0.10167134366666972,
      0.8317055385135559
    ],
    "initial_rot": [
      [
        -0.8342661971549777,
        -0.5513618705392781,
        0.0
      ],
      [
        0.5513618705392781,
        -0.8342661971549777,
        0.0
      ],
      [
        0.0,
        0.0,
        0.9999999999999999
      ]
    ],
    "keypoint_offset": [
      -0.0018974545065606752,
      0.010989269504376065,
      0.022407943498940153
    ]
  },
  "303": {
    "geom_id": 125,
    "geom_name": "light_cube_g0_vis",
    "body_id": 25,
    "body_name": "light_cube_main",
    "initial_keypoint": [
      0.08867952540804641,
      -0.089443835895296,
      0.8450516737821736
    ],
    "initial_pos": [
      0.0688740235433172,
      -0.10167134366666972,
      0.8317055385135559
    ],
    "initial_rot": [
      [
        -0.8342661971549777,
        -0.5513618705392781,
        0.0
      ],
      [
        0.5513618705392781,
        -0.8342661971549777,
        0.0
      ],
      [
        0.0,
        0.0,
        0.9999999999999999
      ]
    ],
    "keypoint_offset": [
      0.019805501864729208,
      0.012227507771373713,
      0.01334613526861772
    ]
  },
  "304": {
    "geom_id": 125,
    "geom_name": "light_cube_g0_vis",
    "body_id": 25,
    "body_name": "light_cube_main",
    "initial_keypoint": [
      0.09267735255215981,
      -0.09211050865811347,
      0.8136921334484405
    ],
    "initial_pos": [
      0.0688740235433172,
      -0.10167134366666972,
      0.8317055385135559
    ],
    "initial_rot": [
      [
        -0.8342661971549777,
        -0.5513618705392781,
        0.0
      ],
      [
        0.5513618705392781,
        -0.8342661971549777,
        0.0
      ],
      [
        0.0,
        0.0,
        0.9999999999999999
      ]
    ],
    "keypoint_offset": [
      0.023803329008842605,
      0.009560835008556243,
      -0.018013405065115395
    ]
  },
  "312": {
    "geom_id": 75,
    "geom_name": "gripper0_right_wiping_surface_vis",
    "body_id": 14,
    "body_name": "gripper0_right_wiping_gripper",
    "initial_keypoint": [
      -0.09905597431315116,
      -0.061999530681463064,
      1.102813504809347
    ],
    "initial_pos": [
      -0.12062509307629771,
      -0.015527151800073526,
      1.094543444152345
    ],
    "initial_rot": [
      [
        0.046535170738918906,
        0.9933766500558465,
        0.10505859797332712
      ],
      [
        0.9989163914968122,
        -0.04635304723895426,
        -0.00417586046796025
      ],
      [
        0.0007215838719529452,
        0.1051390799630888,
        -0.994457265638513
      ]
    ],
    "keypoint_offset": [
      0.021569118763146544,
      -0.04647237888138954,
      0.008270060657002087
    ]
  },
  "313": {
    "geom_id": 75,
    "geom_name": "gripper0_right_wiping_surface_vis",
    "body_id": 14,
    "body_name": "gripper0_right_wiping_gripper",
    "initial_keypoint": [
      -0.7821842067114742,
      -0.13601358126927338,
      0.7756240846469813
    ],
    "initial_pos": [
      -0.12062509307629771,
      -0.015527151800073526,
      1.094543444152345
    ],
    "initial_rot": [
      [
        0.046535170738918906,
        0.9933766500558465,
        0.10505859797332712
      ],
      [
        0.9989163914968122,
        -0.04635304723895426,
        -0.00417586046796025
      ],
      [
        0.0007215838719529452,
        0.1051390799630888,
        -0.994457265638513
      ]
    ],
    "keypoint_offset": [
      -0.6615591136351764,
      -0.12048642946919985,
      -0.31891935950536365
    ]
  },
  "328": {
    "geom_id": 117,
    "geom_name": "green_cube_g0_vis",
    "body_id": 21,
    "body_name": "green_cube_main",
    "initial_keypoint": [
      0.12316226730244773,
      -0.06391256806703824,
      0.8538305831373366
    ],
    "initial_pos": [
      0.11989592242685307,
      -0.04248822729707896,
      0.8315855671812763
    ],
    "initial_rot": [
      [
        0.6790540804149243,
        0.7340882480137123,
        0.0
      ],
      [
        -0.7340882480137123,
        0.6790540804149243,
        0.0
      ],
      [
        0.0,
        0.0,
        1.0
      ]
    ],
    "keypoint_offset": [
      0.0032663448755946567,
      -0.021424340769959277,
      0.02224501595606032
    ]
  },
  "329": {
    "geom_id": 117,
    "geom_name": "green_cube_g0_vis",
    "body_id": 21,
    "body_name": "green_cube_main",
    "initial_keypoint": [
      0.12633844760059354,
      -0.06600905745533026,
      0.8219754512457641
    ],
    "initial_pos": [
      0.11989592242685307,
      -0.04248822729707896,
      0.8315855671812763
    ],
    "initial_rot": [
      [
        0.6790540804149243,
        0.7340882480137123,
        0.0
      ],
      [
        -0.7340882480137123,
        0.6790540804149243,
        0.0
      ],
      [
        0.0,
        0.0,
        1.0
      ]
    ],
    "keypoint_offset": [
      0.006442525173740471,
      -0.023520830158251294,
      -0.009610115935512198
    ]
  },
  "336": {
    "geom_id": 75,
    "geom_name": "gripper0_right_wiping_surface_vis",
    "body_id": 14,
    "body_name": "gripper0_right_wiping_gripper",
    "initial_keypoint": [
      -0.09812848337176061,
      -0.04126902643088605,
      1.103196212344125
    ],
    "initial_pos": [
      -0.12062509307629771,
      -0.015527151800073526,
      1.094543444152345
    ],
    "initial_rot": [
      [
        0.046535170738918906,
        0.9933766500558465,
        0.10505859797332712
      ],
      [
        0.9989163914968122,
        -0.04635304723895426,
        -0.00417586046796025
      ],
      [
        0.0007215838719529452,
        0.1051390799630888,
        -0.994457265638513
      ]
    ],
    "keypoint_offset": [
      0.022496609704537096,
      -0.025741874630812525,
      0.00865276819178007
    ]
  },
  "337": {
    "geom_id": 75,
    "geom_name": "gripper0_right_wiping_surface_vis",
    "body_id": 14,
    "body_name": "gripper0_right_wiping_gripper",
    "initial_keypoint": [
      -0.09604214958270707,
      -0.04215193985795355,
      1.0829929245239982
    ],
    "initial_pos": [
      -0.12062509307629771,
      -0.015527151800073526,
      1.094543444152345
    ],
    "initial_rot": [
      [
        0.046535170738918906,
        0.9933766500558465,
        0.10505859797332712
      ],
      [
        0.9989163914968122,
        -0.04635304723895426,
        -0.00417586046796025
      ],
      [
        0.0007215838719529452,
        0.1051390799630888,
        -0.994457265638513
      ]
    ],
    "keypoint_offset": [
      0.024582943493590637,
      -0.026624788057880024,
      -0.011550519628346745
    ]
  },
  "349": {
    "geom_id": 121,
    "geom_name": "dark_cube_g0_vis",
    "body_id": 23,
    "body_name": "dark_cube_main",
    "initial_keypoint": [
      0.034974823513117426,
      -0.046955931529215525,
      0.8530755929723696
    ],
    "initial_pos": [
      0.021457623386911068,
      -0.03054890387725226,
      0.8315455625580838
    ],
    "initial_rot": [
      [
        -0.5663989600365148,
        0.8241311898414926,
        0.0
      ],
      [
        -0.8241311898414926,
        -0.5663989600365148,
        0.0
      ],
      [
        0.0,
        0.0,
        0.9999999999999999
      ]
    ],
    "keypoint_offset": [
      0.013517200126206358,
      -0.016407027651963266,
      0.021530030414285806
    ]
  },
  "350": {
    "geom_id": 121,
    "geom_name": "dark_cube_g0_vis",
    "body_id": 23,
    "body_name": "dark_cube_main",
    "initial_keypoint": [
      0.03367248843575832,
      -0.048828242265689235,
      0.8159745653093811
    ],
    "initial_pos": [
      0.021457623386911068,
      -0.03054890387725226,
      0.8315455625580838
    ],
    "initial_rot": [
      [
        -0.5663989600365148,
        0.8241311898414926,
        0.0
      ],
      [
        -0.8241311898414926,
        -0.5663989600365148,
        0.0
      ],
      [
        0.0,
        0.0,
        0.9999999999999999
      ]
    ],
    "keypoint_offset": [
      0.012214865048847251,
      -0.018279338388436976,
      -0.0155709972487027
    ]
  },
  "351": {
    "geom_id": 117,
    "geom_name": "green_cube_g0_vis",
    "body_id": 21,
    "body_name": "green_cube_main",
    "initial_keypoint": [
      0.09584691394160627,
      -0.043942624472858634,
      0.8538505570543089
    ],
    "initial_pos": [
      0.11989592242685307,
      -0.04248822729707896,
      0.8315855671812763
    ],
    "initial_rot": [
      [
        0.6790540804149243,
        0.7340882480137123,
        0.0
      ],
      [
        -0.7340882480137123,
        0.6790540804149243,
        0.0
      ],
      [
        0.0,
        0.0,
        1.0
      ]
    ],
    "keypoint_offset": [
      -0.024049008485246798,
      -0.0014543971757796717,
      0.022264989873032603
    ]
  },
  "352": {
    "geom_id": 117,
    "geom_name": "green_cube_g0_vis",
    "body_id": 21,
    "body_name": "green_cube_main",
    "initial_keypoint": [
      0.12316226730244773,
      -0.04260837871135882,
      0.8538305831373366
    ],
    "initial_pos": [
      0.11989592242685307,
      -0.04248822729707896,
      0.8315855671812763
    ],
    "initial_rot": [
      [
        0.6790540804149243,
        0.7340882480137123,
        0.0
      ],
      [
        -0.7340882480137123,
        0.6790540804149243,
        0.0
      ],
      [
        0.0,
        0.0,
        1.0
      ]
    ],
    "keypoint_offset": [
      0.0032663448755946567,
      -0.00012015141427985931,
      0.02224501595606032
    ]
  },
  "353": {
    "geom_id": 117,
    "geom_name": "green_cube_g0_vis",
    "body_id": 21,
    "body_name": "green_cube_main",
    "initial_keypoint": [
      0.14592589422074032,
      -0.041699229051437484,
      0.8496546507685327
    ],
    "initial_pos": [
      0.11989592242685307,
      -0.04248822729707896,
      0.8315855671812763
    ],
    "initial_rot": [
      [
        0.6790540804149243,
        0.7340882480137123,
        0.0
      ],
      [
        -0.7340882480137123,
        0.6790540804149243,
        0.0
      ],
      [
        0.0,
        0.0,
        1.0
      ]
    ],
    "keypoint_offset": [
      0.026029971793887247,
      0.0007889982456414785,
      0.01806908358725645
    ]
  },
  "354": {
    "geom_id": 117,
    "geom_name": "green_cube_g0_vis",
    "body_id": 21,
    "body_name": "green_cube_main",
    "initial_keypoint": [
      0.1473938316871536,
      -0.04332799051718457,
      0.8147717822451788
    ],
    "initial_pos": [
      0.11989592242685307,
      -0.04248822729707896,
      0.8315855671812763
    ],
    "initial_rot": [
      [
        0.6790540804149243,
        0.7340882480137123,
        0.0
      ],
      [
        -0.7340882480137123,
        0.6790540804149243,
        0.0
      ],
      [
        0.0,
        0.0,
        1.0
      ]
    ],
    "keypoint_offset": [
      0.027497909260300518,
      -0.0008397632201056077,
      -0.01681378493609753
    ]
  },
  "360": {
    "geom_id": 75,
    "geom_name": "gripper0_right_wiping_surface_vis",
    "body_id": 14,
    "body_name": "gripper0_right_wiping_gripper",
    "initial_keypoint": [
      -0.09720194663915749,
      -0.020602549122468023,
      1.1035785261468714
    ],
    "initial_pos": [
      -0.12062509307629771,
      -0.015527151800073526,
      1.094543444152345
    ],
    "initial_rot": [
      [
        0.046535170738918906,
        0.9933766500558465,
        0.10505859797332712
      ],
      [
        0.9989163914968122,
        -0.04635304723895426,
        -0.00417586046796025
      ],
      [
        0.0007215838719529452,
        0.1051390799630888,
        -0.994457265638513
      ]
    ],
    "keypoint_offset": [
      0.02342314643714022,
      -0.005075397322394497,
      0.009035081994526406
    ]
  },
  "361": {
    "geom_id": 75,
    "geom_name": "gripper0_right_wiping_surface_vis",
    "body_id": 14,
    "body_name": "gripper0_right_wiping_gripper",
    "initial_keypoint": [
      -0.09509902558195393,
      -0.021042621191654953,
      1.0834154127346534
    ],
    "initial_pos": [
      -0.12062509307629771,
      -0.015527151800073526,
      1.094543444152345
    ],
    "initial_rot": [
      [
        0.046535170738918906,
        0.9933766500558465,
        0.10505859797332712
      ],
      [
        0.9989163914968122,
        -0.04635304723895426,
        -0.00417586046796025
      ],
      [
        0.0007215838719529452,
        0.1051390799630888,
        -0.994457265638513
      ]
    ],
    "keypoint_offset": [
      0.025526067494343774,
      -0.005515469391581427,
      -0.011128031417691586
    ]
  },
  "372": {
    "geom_id": 121,
    "geom_name": "dark_cube_g0_vis",
    "body_id": 23,
    "body_name": "dark_cube_main",
    "initial_keypoint": [
      0.0024957896719410844,
      -0.02425308884698851,
      0.8538424243738119
    ],
    "initial_pos": [
      0.021457623386911068,
      -0.03054890387725226,
      0.8315455625580838
    ],
    "initial_rot": [
      [
        -0.5663989600365148,
        0.8241311898414926,
        0.0
      ],
      [
        -0.8241311898414926,
        -0.5663989600365148,
        0.0
      ],
      [
        0.0,
        0.0,
        0.9999999999999999
      ]
    ],
    "keypoint_offset": [
      -0.018961833714969983,
      0.00629581503026375,
      0.022296861815728097
    ]
  },
  "373": {
    "geom_id": 121,
    "geom_name": "dark_cube_g0_vis",
    "body_id": 23,
    "body_name": "dark_cube_main",
    "initial_keypoint": [
      0.03566856998030027,
      -0.023442940229154205,
      0.8538169282145531
    ],
    "initial_pos": [
      0.021457623386911068,
      -0.03054890387725226,
      0.8315455625580838
    ],
    "initial_rot": [
      [
        -0.5663989600365148,
        0.8241311898414926,
        0.0
      ],
      [
        -0.8241311898414926,
        -0.5663989600365148,
        0.0
      ],
      [
        0.0,
        0.0,
        0.9999999999999999
      ]
    ],
    "keypoint_offset": [
      0.014210946593389201,
      0.007105963648098054,
      0.022271365656469366
    ]
  },
  "374": {
    "geom_id": 121,
    "geom_name": "dark_cube_g0_vis",
    "body_id": 23,
    "body_name": "dark_cube_main",
    "initial_keypoint": [
      0.04601826674683385,
      -0.023767769974718016,
      0.83011261092254
    ],
    "initial_pos": [
      0.021457623386911068,
      -0.03054890387725226,
      0.8315455625580838
    ],
    "initial_rot": [
      [
        -0.5663989600365148,
        0.8241311898414926,
        0.0
      ],
      [
        -0.8241311898414926,
        -0.5663989600365148,
        0.0
      ],
      [
        0.0,
        0.0,
        0.9999999999999999
      ]
    ],
    "keypoint_offset": [
      0.02456064335992278,
      0.0067811339025342435,
      -0.0014329516355438
    ]
  },
  "376": {
    "geom_id": 117,
    "geom_name": "green_cube_g0_vis",
    "body_id": 21,
    "body_name": "green_cube_main",
    "initial_keypoint": [
      0.12316095717048509,
      -0.02130426342283615,
      0.8538288581311722
    ],
    "initial_pos": [
      0.11989592242685307,
      -0.04248822729707896,
      0.8315855671812763
    ],
    "initial_rot": [
      [
        0.6790540804149243,
        0.7340882480137123,
        0.0
      ],
      [
        -0.7340882480137123,
        0.6790540804149243,
        0.0
      ],
      [
        0.0,
        0.0,
        1.0
      ]
    ],
    "keypoint_offset": [
      0.003265034743632017,
      0.021183963874242814,
      0.022243290949895855
    ]
  },
  "377": {
    "geom_id": 117,
    "geom_name": "green_cube_g0_vis",
    "body_id": 21,
    "body_name": "green_cube_main",
    "initial_keypoint": [
      0.1275867037193209,
      -0.021929515728397186,
      0.8237393733554603
    ],
    "initial_pos": [
      0.11989592242685307,
      -0.04248822729707896,
      0.8315855671812763
    ],
    "initial_rot": [
      [
        0.6790540804149243,
        0.7340882480137123,
        0.0
      ],
      [
        -0.7340882480137123,
        0.6790540804149243,
        0.0
      ],
      [
        0.0,
        0.0,
        1.0
      ]
    ],
    "keypoint_offset": [
      0.007690781292467835,
      0.020558711568681776,
      -0.007846193825815972
    ]
  },
  "384": {
    "geom_id": 75,
    "geom_name": "gripper0_right_wiping_surface_vis",
    "body_id": 14,
    "body_name": "gripper0_right_wiping_gripper",
    "initial_keypoint": [
      -0.09628018095049162,
      0.0,
      1.1039588712894592
    ],
    "initial_pos": [
      -0.12062509307629771,
      -0.015527151800073526,
      1.094543444152345
    ],
    "initial_rot": [
      [
        0.046535170738918906,
        0.9933766500558465,
        0.10505859797332712
      ],
      [
        0.9989163914968122,
        -0.04635304723895426,
        -0.00417586046796025
      ],
      [
        0.0007215838719529452,
        0.1051390799630888,
        -0.994457265638513
      ]
    ],
    "keypoint_offset": [
      0.024344912125806084,
      0.015527151800073526,
      0.009415427137114296
    ]
  },
  "385": {
    "geom_id": 75,
    "geom_name": "gripper0_right_wiping_surface_vis",
    "body_id": 14,
    "body_name": "gripper0_right_wiping_gripper",
    "initial_keypoint": [
      -0.09416300017630808,
      0.0,
      1.0838347210105996
    ],
    "initial_pos": [
      -0.12062509307629771,
      -0.015527151800073526,
      1.094543444152345
    ],
    "initial_rot": [
      [
        0.046535170738918906,
        0.9933766500558465,
        0.10505859797332712
      ],
      [
        0.9989163914968122,
        -0.04635304723895426,
        -0.00417586046796025
      ],
      [
        0.0007215838719529452,
        0.1051390799630888,
        -0.994457265638513
      ]
    ],
    "keypoint_offset": [
      0.02646209289998963,
      0.015527151800073526,
      -0.010708723141745313
    ]
  },
  "408": {
    "geom_id": 75,
    "geom_name": "gripper0_right_wiping_surface_vis",
    "body_id": 14,
    "body_name": "gripper0_right_wiping_gripper",
    "initial_keypoint": [
      -0.09536133752623721,
      0.020539050937511308,
      1.1043380106277003
    ],
    "initial_pos": [
      -0.12062509307629771,
      -0.015527151800073526,
      1.094543444152345
    ],
    "initial_rot": [
      [
        0.046535170738918906,
        0.9933766500558465,
        0.10505859797332712
      ],
      [
        0.9989163914968122,
        -0.04635304723895426,
        -0.00417586046796025
      ],
      [
        0.0007215838719529452,
        0.1051390799630888,
        -0.994457265638513
      ]
    ],
    "keypoint_offset": [
      0.025263755550060496,
      0.03606620273758483,
      0.00979456647535537
    ]
  },
  "409": {
    "geom_id": 75,
    "geom_name": "gripper0_right_wiping_surface_vis",
    "body_id": 14,
    "body_name": "gripper0_right_wiping_gripper",
    "initial_keypoint": [
      -0.0932279057339549,
      0.020976458646476653,
      1.084253612245928
    ],
    "initial_pos": [
      -0.12062509307629771,
      -0.015527151800073526,
      1.094543444152345
    ],
    "initial_rot": [
      [
        0.046535170738918906,
        0.9933766500558465,
        0.10505859797332712
      ],
      [
        0.9989163914968122,
        -0.04635304723895426,
        -0.00417586046796025
      ],
      [
        0.0007215838719529452,
        0.1051390799630888,
        -0.994457265638513
      ]
    ],
    "keypoint_offset": [
      0.02739718734234281,
      0.03650361044655018,
      -0.010289831906416858
    ]
  },
  "424": {
    "geom_id": 123,
    "geom_name": "blue_cube_g0_vis",
    "body_id": 24,
    "body_name": "blue_cube_main",
    "initial_keypoint": [
      0.11386939211379832,
      0.021829553870693564,
      0.8415949706621115
    ],
    "initial_pos": [
      0.10725350647984658,
      0.04467741887349275,
      0.8308013367867838
    ],
    "initial_rot": [
      [
        0.6690616420651938,
        -0.7432069154125427,
        0.0
      ],
      [
        0.7432069154125427,
        0.6690616420651938,
        0.0
      ],
      [
        0.0,
        0.0,
        1.0
      ]
    ],
    "keypoint_offset": [
      0.00661588563395174,
      -0.022847865002799183,
      0.010793633875327724
    ]
  },
  "432": {
    "geom_id": 75,
    "geom_name": "gripper0_right_wiping_surface_vis",
    "body_id": 14,
    "body_name": "gripper0_right_wiping_gripper",
    "initial_keypoint": [
      -0.09444326939662262,
      0.04101475799664244,
      1.1047168300586656
    ],
    "initial_pos": [
      -0.12062509307629771,
      -0.015527151800073526,
      1.094543444152345
    ],
    "initial_rot": [
      [
        0.046535170738918906,
        0.9933766500558465,
        0.10505859797332712
      ],
      [
        0.9989163914968122,
        -0.04635304723895426,
        -0.00417586046796025
      ],
      [
        0.0007215838719529452,
        0.1051390799630888,
        -0.994457265638513
      ]
    ],
    "keypoint_offset": [
      0.026181823679675087,
      0.056541909796715965,
      0.010173385906320664
    ]
  },
  "433": {
    "geom_id": 75,
    "geom_name": "gripper0_right_wiping_surface_vis",
    "body_id": 14,
    "body_name": "gripper0_right_wiping_gripper",
    "initial_keypoint": [
      -0.09229572055189161,
      0.04188699340861338,
      1.0846712002293266
    ],
    "initial_pos": [
      -0.12062509307629771,
      -0.015527151800073526,
      1.094543444152345
    ],
    "initial_rot": [
      [
        0.046535170738918906,
        0.9933766500558465,
        0.10505859797332712
      ],
      [
        0.9989163914968122,
        -0.04635304723895426,
        -0.00417586046796025
      ],
      [
        0.0007215838719529452,
        0.1051390799630888,
        -0.994457265638513
      ]
    ],
    "keypoint_offset": [
      0.028329372524406093,
      0.0574141452086869,
      -0.009872243923018331
    ]
  },
  "447": {
    "geom_id": 123,
    "geom_name": "blue_cube_g0_vis",
    "body_id": 24,
    "body_name": "blue_cube_main",
    "initial_keypoint": [
      0.0945711077317764,
      0.04408133991290502,
      0.8522843422655337
    ],
    "initial_pos": [
      0.10725350647984658,
      0.04467741887349275,
      0.8308013367867838
    ],
    "initial_rot": [
      [
        0.6690616420651938,
        -0.7432069154125427,
        0.0
      ],
      [
        0.7432069154125427,
        0.6690616420651938,
        0.0
      ],
      [
        0.0,
        0.0,
        1.0
      ]
    ],
    "keypoint_offset": [
      -0.012682398748070173,
      -0.0005960789605877273,
      0.021483005478749928
    ]
  },
  "448": {
    "geom_id": 123,
    "geom_name": "blue_cube_g0_vis",
    "body_id": 24,
    "body_name": "blue_cube_main",
    "initial_keypoint": [
      0.1219721215920554,
      0.04274294639062781,
      0.8522635587874132
    ],
    "initial_pos": [
      0.10725350647984658,
      0.04467741887349275,
      0.8308013367867838
    ],
    "initial_rot": [
      [
        0.6690616420651938,
        -0.7432069154125427,
        0.0
      ],
      [
        0.7432069154125427,
        0.6690616420651938,
        0.0
      ],
      [
        0.0,
        0.0,
        1.0
      ]
    ],
    "keypoint_offset": [
      0.014718615112208816,
      -0.0019344724828649351,
      0.021462222000629416
    ]
  },
  "449": {
    "geom_id": 123,
    "geom_name": "blue_cube_g0_vis",
    "body_id": 24,
    "body_name": "blue_cube_main",
    "initial_keypoint": [
      0.13311776480544557,
      0.04320763961716746,
      0.8315553662382691
    ],
    "initial_pos": [
      0.10725350647984658,
      0.04467741887349275,
      0.8308013367867838
    ],
    "initial_rot": [
      [
        0.6690616420651938,
        -0.7432069154125427,
        0.0
      ],
      [
        0.7432069154125427,
        0.6690616420651938,
        0.0
      ],
      [
        0.0,
        0.0,
        1.0
      ]
    ],
    "keypoint_offset": [
      0.025864258325598993,
      -0.0014697792563252848,
      0.000754029451485283
    ]
  },
  "472": {
    "geom_id": 123,
    "geom_name": "blue_cube_g0_vis",
    "body_id": 24,
    "body_name": "blue_cube_main",
    "initial_keypoint": [
      0.1148477695494522,
      0.06532272649193266,
      0.8428831669322806
    ],
    "initial_pos": [
      0.10725350647984658,
      0.04467741887349275,
      0.8308013367867838
    ],
    "initial_rot": [
      [
        0.6690616420651938,
        -0.7432069154125427,
        0.0
      ],
      [
        0.7432069154125427,
        0.6690616420651938,
        0.0
      ],
      [
        0.0,
        0.0,
        1.0
      ]
    ],
    "keypoint_offset": [
      0.007594263069605617,
      0.020645307618439912,
      0.012081830145496797
    ]
  },
  "514": {
    "geom_id": 119,
    "geom_name": "red_cube_g0_vis",
    "body_id": 22,
    "body_name": "red_cube_main",
    "initial_keypoint": [
      -0.07021363725875429,
      0.13003541736417212,
      0.8547894594684895
    ],
    "initial_pos": [
      -0.08128892114786271,
      0.1419084367194007,
      0.8319929830924842
    ],
    "initial_rot": [
      [
        -0.2108849790943787,
        0.977510882595362,
        0.0
      ],
      [
        -0.977510882595362,
        -0.2108849790943787,
        0.0
      ],
      [
        0.0,
        0.0,
        1.0
      ]
    ],
    "keypoint_offset": [
      0.011075283889108417,
      -0.011873019355228581,
      0.022796476376005348
    ]
  },
  "515": {
    "geom_id": 119,
    "geom_name": "red_cube_g0_vis",
    "body_id": 22,
    "body_name": "red_cube_main",
    "initial_keypoint": [
      -0.0618150210903895,
      0.13238381943963926,
      0.827098845705453
    ],
    "initial_pos": [
      -0.08128892114786271,
      0.1419084367194007,
      0.8319929830924842
    ],
    "initial_rot": [
      [
        -0.2108849790943787,
        0.977510882595362,
        0.0
      ],
      [
        -0.977510882595362,
        -0.2108849790943787,
        0.0
      ],
      [
        0.0,
        0.0,
        1.0
      ]
    ],
    "keypoint_offset": [
      0.01947390005747321,
      -0.00952461727976145,
      -0.00489413738703115
    ]
  },
  "538": {
    "geom_id": 119,
    "geom_name": "red_cube_g0_vis",
    "body_id": 22,
    "body_name": "red_cube_main",
    "initial_keypoint": [
      -0.07021120133954273,
      0.1560418342325959,
      0.8547915749788713
    ],
    "initial_pos": [
      -0.08128892114786271,
      0.1419084367194007,
      0.8319929830924842
    ],
    "initial_rot": [
      [
        -0.2108849790943787,
        0.977510882595362,
        0.0
      ],
      [
        -0.977510882595362,
        -0.2108849790943787,
        0.0
      ],
      [
        0.0,
        0.0,
        1.0
      ]
    ],
    "keypoint_offset": [
      0.01107771980831998,
      0.0141333975131952,
      0.02279859188638711
    ]
  }
}