{
  "336": {
    "geom_id": 75,
    "geom_name": "gripper0_right_wiping_surface_vis",
    "body_id": 14,
    "body_name": "gripper0_right_wiping_gripper",
    "initial_keypoint": [
      -0.08929990511817965,
      -0.04065988167449477,
      1.1068391195340936
    ],
    "initial_pos": [
      -0.11283002127454489,
      0.011711968482344728,
      1.091674371921426
    ],
    "initial_rot": [
      [
        -0.020062432310025427,
        0.9901080287025732,
        0.13886536756337114
      ],
      [
        0.999717244624273,
        0.018093109674041916,
        0.015429523102631675
      ],
      [
        0.012764388377717248,
        0.1391356563970128,
        -0.9901910621230204
      ]
    ],
    "keypoint_offset": [
      0.023530116156365244,
      -0.0523718501568395,
      0.015164747612667728
    ]
  },
  "337": {
    "geom_id": 75,
    "geom_name": "gripper0_right_wiping_surface_vis",
    "body_id": 14,
    "body_name": "gripper0_right_wiping_gripper",
    "initial_keypoint": [
      -0.08654370566248182,
      -0.04148021246895969,
      1.0872479117501326
    ],
    "initial_pos": [
      -0.11283002127454489,
      0.011711968482344728,
      1.091674371921426
    ],
    "initial_rot": [
      [
        -0.020062432310025427,
        0.9901080287025732,
        0.13886536756337114
      ],
      [
        0.999717244624273,
        0.018093109674041916,
        0.015429523102631675
      ],
      [
        0.012764388377717248,
        0.1391356563970128,
        -0.9901910621230204
      ]
    ],
    "keypoint_offset": [
      0.02628631561206307,
      -0.05319218095130442,
      -0.004426460171293334
    ]
  },
  "360": {
    "geom_id": 75,
    "geom_name": "gripper0_right_wiping_surface_vis",
    "body_id": 14,
    "body_name": "gripper0_right_wiping_gripper",
    "initial_keypoint": [
      -0.08965111359000633,
      -0.0203420569896373,
      1.106694201538189
    ],
    "initial_pos": [
      -0.11283002127454489,
      0.011711968482344728,
      1.091674371921426
    ],
    "initial_rot": [
      [
        -0.020062432310025427,
        0.9901080287025732,
        0.13886536756337114
      ],
      [
        0.999717244624273,
        0.018093109674041916,
        0.015429523102631675
      ],
      [
        0.012764388377717248,
        0.1391356563970128,
        -0.9901910621230204
      ]
    ],
    "keypoint_offset": [
      0.023178907684538563,
      -0.03205402547198203,
      0.01501982961676318
    ]
  },
  "361": {
    "geom_id": 75,
    "geom_name": "gripper0_right_wiping_surface_vis",
    "body_id": 14,
    "body_name": "gripper0_right_wiping_gripper",
    "initial_keypoint": [
      -0.08690032278880766,
      -0.020752716167914693,
      1.0870881591285577
    ],
    "initial_pos": [
      -0.11283002127454489,
      0.011711968482344728,
      1.091674371921426
    ],
    "initial_rot": [
      [
        -0.020062432310025427,
        0.9901080287025732,
        0.13886536756337114
      ],
      [
        0.999717244624273,
        0.018093109674041916,
        0.015429523102631675
      ],
      [
        0.012764388377717248,
        0.1391356563970128,
        -0.9901910621230204
      ]
    ],
    "keypoint_offset": [
      0.02592969848573723,
      -0.03246468465025942,
      -0.004586212792868194
    ]
  },
  "384": {
    "geom_id": 75,
    "geom_name": "gripper0_right_wiping_surface_vis",
    "body_id": 14,
    "body_name": "gripper0_right_wiping_gripper",
    "initial_keypoint": [
      -0.09000267989012833,
      0.0,
      1.1065491358927728
    ],
    "initial_pos": [
      -0.11283002127454489,
      0.011711968482344728,
      1.091674371921426
    ],
    "initial_rot": [
      [
        -0.020062432310025427,
        0.9901080287025732,
        0.13886536756337114
      ],
      [
        0.999717244624273,
        0.018093109674041916,
        0.015429523102631675
      ],
      [
        0.012764388377717248,
        0.1391356563970128,
        -0.9901910621230204
      ]
    ],
    "keypoint_offset": [
      0.022827341384416555,
      -0.011711968482344728,
      0.014874763971346905
    ]
  },
  "385": {
    "geom_id": 75,
    "geom_name": "gripper0_right_wiping_surface_vis",
    "body_id": 14,
    "body_name": "gripper0_right_wiping_gripper",
    "initial_keypoint": [
      -0.08725734721157397,
      0.0,
      1.0869282240517126
    ],
    "initial_pos": [
      -0.11283002127454489,
      0.011711968482344728,
      1.091674371921426
    ],
    "initial_rot": [
      [
        -0.020062432310025427,
        0.9901080287025732,
        0.13886536756337114
      ],
      [
        0.999717244624273,
        0.018093109674041916,
        0.015429523102631675
      ],
      [
        0.012764388377717248,
        0.1391356563970128,
        -0.9901910621230204
      ]
    ],
    "keypoint_offset": [
      0.025572674062970924,
      -0.011711968482344728,
      -0.00474614786971328
    ]
  },
  "408": {
    "geom_id": 75,
    "geom_name": "gripper0_right_wiping_surface_vis",
    "body_id": 14,
    "body_name": "gripper0_right_wiping_gripper",
    "initial_keypoint": [
      -0.090354723294644,
      0.020366330442837553,
      1.1064038733813406
    ],
    "initial_pos": [
      -0.11283002127454489,
      0.011711968482344728,
      1.091674371921426
    ],
    "initial_rot": [
      [
        -0.020062432310025427,
        0.9901080287025732,
        0.13886536756337114
      ],
      [
        0.999717244624273,
        0.018093109674041916,
        0.015429523102631675
      ],
      [
        0.012764388377717248,
        0.1391356563970128,
        -0.9901910621230204
      ]
    ],
    "keypoint_offset": [
      0.022475297979900888,
      0.008654361960492825,
      0.014729501459914696
    ]
  },
  "409": {
    "geom_id": 75,
    "geom_name": "gripper0_right_wiping_surface_vis",
    "body_id": 14,
    "body_name": "gripper0_right_wiping_gripper",
    "initial_keypoint": [
      -0.08761483711598683,
      0.020777981298046838,
      1.086768080454559
    ],
    "initial_pos": [
      -0.11283002127454489,
      0.011711968482344728,
      1.091674371921426
    ],
    "initial_rot": [
      [
        -0.020062432310025427,
        0.9901080287025732,
        0.13886536756337114
      ],
      [
        0.999717244624273,
        0.018093109674041916,
        0.015429523102631675
      ],
      [
        0.012764388377717248,
        0.1391356563970128,
        -0.9901910621230204
      ]
    ],
    "keypoint_offset": [
      0.025215184158558057,
      0.00906601281570211,
      -0.004906291466866941
    ]
  },
  "417": {
    "geom_id": 119,
    "geom_name": "dark_cube_g0_vis",
    "body_id": 22,
    "body_name": "dark_cube_main",
    "initial_keypoint": [
      -0.11287244588611978,
      0.02708054289029758,
      0.8535240886841142
    ],
    "initial_pos": [
      -0.11443431022558953,
      0.02910663218426801,
      0.8313426158196896
    ],
    "initial_rot": [
      [
        0.9835289084273239,
        0.18075089567622313,
        0.0
      ],
      [
        -0.18075089567622313,
        0.9835289084273239,
        0.0
      ],
      [
        0.0,
        0.0,
        1.0
      ]
    ],
    "keypoint_offset": [
      0.001561864339469754,
      -0.0020260892939704296,
      0.022181472864424623
    ]
  },
  "418": {
    "geom_id": 119,
    "geom_name": "dark_cube_g0_vis",
    "body_id": 22,
    "body_name": "dark_cube_main",
    "initial_keypoint": [
      -0.09455668013232066,
      0.027117354267196962,
      0.833648380700971
    ],
    "initial_pos": [
      -0.11443431022558953,
      0.02910663218426801,
      0.8313426158196896
    ],
    "initial_rot": [
      [
        0.9835289084273239,
        0.18075089567622313,
        0.0
      ],
      [
        -0.18075089567622313,
        0.9835289084273239,
        0.0
      ],
      [
        0.0,
        0.0,
        1.0
      ]
    ],
    "keypoint_offset": [
      0.019877630093268872,
      -0.0019892779170710487,
      0.0023057648812814246
    ]
  },
  "432": {
    "geom_id": 75,
    "geom_name": "gripper0_right_wiping_surface_vis",
    "body_id": 14,
    "body_name": "gripper0_right_wiping_gripper",
    "initial_keypoint": [
      -0.09070909258307913,
      0.04075711127708312,
      1.106257651148081
    ],
    "initial_pos": [
      -0.11283002127454489,
      0.011711968482344728,
      1.091674371921426
    ],
    "initial_rot": [
      [
        -0.020062432310025427,
        0.9901080287025732,
        0.13886536756337114
      ],
      [
        0.999717244624273,
        0.018093109674041916,
        0.015429523102631675
      ],
      [
        0.012764388377717248,
        0.1391356563970128,
        -0.9901910621230204
      ]
    ],
    "keypoint_offset": [
      0.022120928691465758,
      0.02904514279473839,
      0.014583279226655144
    ]
  },
  "433": {
    "geom_id": 75,
    "geom_name": "gripper0_right_wiping_surface_vis",
    "body_id": 14,
    "body_name": "gripper0_right_wiping_gripper",
    "initial_keypoint": [
      -0.08797471261383727,
      0.041581412894117674,
      1.0866068681908225
    ],
    "initial_pos": [
      -0.11283002127454489,
      0.011711968482344728,
      1.091674371921426
    ],
    "initial_rot": [
      [
        -0.020062432310025427,
        0.9901080287025732,
        0.13886536756337114
      ],
      [
        0.999717244624273,
        0.018093109674041916,
        0.015429523102631675
      ],
      [
        0.012764388377717248,
        0.1391356563970128,
        -0.9901910621230204
      ]
    ],
    "keypoint_offset": [
      0.02485530866070762,
      0.029869444411772944,
      -0.005067503730603384
    ]
  },
  "456": {
    "geom_id": 75,
    "geom_name": "gripper0_right_wiping_surface_vis",
    "body_id": 14,
    "body_name": "gripper0_right_wiping_gripper",
    "initial_keypoint": [
      -0.0910619709202839,
      0.06117218819616017,
      1.1061120441211212
    ],
    "initial_pos": [
      -0.11283002127454489,
      0.011711968482344728,
      1.091674371921426
    ],
    "initial_rot": [
      [
        -0.020062432310025427,
        0.9901080287025732,
        0.13886536756337114
      ],
      [
        0.999717244624273,
        0.018093109674041916,
        0.015429523102631675
      ],
      [
        0.012764388377717248,
        0.1391356563970128,
        -0.9901910621230204
      ]
    ],
    "keypoint_offset": [
      0.021768050354260993,
      0.04946021971381544,
      0.014437672199695273
    ]
  },
  "457": {
    "geom_id": 75,
    "geom_name": "gripper0_right_wiping_surface_vis",
    "body_id": 14,
    "body_name": "gripper0_right_wiping_gripper",
    "initial_keypoint": [
      -0.08833301711113117,
      0.06241012813710984,
      1.0864463596831284
    ],
    "initial_pos": [
      -0.11283002127454489,
      0.011711968482344728,
      1.091674371921426
    ],
    "initial_rot": [
      [
        -0.020062432310025427,
        0.9901080287025732,
        0.13886536756337114
      ],
      [
        0.999717244624273,
        0.018093109674041916,
        0.015429523102631675
      ],
      [
        0.012764388377717248,
        0.1391356563970128,
        -0.9901910621230204
      ]
    ],
    "keypoint_offset": [
      0.024497004163413716,
      0.05069815965476511,
      -0.005228012238297497
    ]
  },
  "464": {
    "geom_id": 117,
    "geom_name": "red_cube_g0_vis",
    "body_id": 21,
    "body_name": "red_cube_main",
    "initial_keypoint": [
      -0.15934991843707091,
      0.08475800397066427,
      0.8520398681327528
    ],
    "initial_pos": [
      -0.14185718478591028,
      0.1026210398600885,
      0.8305823386887229
    ],
    "initial_rot": [
      [
        -0.11668771452226451,
        -0.9931686550025481,
        0.0
      ],
      [
        0.9931686550025481,
        -0.11668771452226451,
        0.0
      ],
      [
        0.0,
        0.0,
        1.0
      ]
    ],
    "keypoint_offset": [
      -0.017492733651160636,
      -0.017863035889424228,
      0.0214575294440299
    ]
  },
  "465": {
    "geom_id": 117,
    "geom_name": "red_cube_g0_vis",
    "body_id": 21,
    "body_name": "red_cube_main",
    "initial_keypoint": [
      -0.12335374840762237,
      0.08263101743058489,
      0.8450333917110816
    ],
    "initial_pos": [
      -0.14185718478591028,
      0.1026210398600885,
      0.8305823386887229
    ],
    "initial_rot": [
      [
        -0.11668771452226451,
        -0.9931686550025481,
        0.0
      ],
      [
        0.9931686550025481,
        -0.11668771452226451,
        0.0
      ],
      [
        0.0,
        0.0,
        1.0
      ]
    ],
    "keypoint_offset": [
      0.018503436378287913,
      -0.01999002242950361,
      0.014451053022358717
    ]
  },
  "466": {
    "geom_id": 117,
    "geom_name": "red_cube_g0_vis",
    "body_id": 21,
    "body_name": "red_cube_main",
    "initial_keypoint": [
      -0.11856140089316836,
      0.08463658321171649,
      0.8128011228198113
    ],
    "initial_pos": [
      -0.14185718478591028,
      0.1026210398600885,
      0.8305823386887229
    ],
    "initial_rot": [
      [
        -0.11668771452226451,
        -0.9931686550025481,
        0.0
      ],
      [
        0.9931686550025481,
        -0.11668771452226451,
        0.0
      ],
      [
        0.0,
        0.0,
        1.0
      ]
    ],
    "keypoint_offset": [
      0.023295783892741923,
      -0.017984456648372005,
      -0.01778121586891157
    ]
  },
  "488": {
    "geom_id": 117,
    "geom_name": "red_cube_g0_vis",
    "body_id": 21,
    "body_name": "red_cube_main",
    "initial_keypoint": [
      -0.15934991843707091,
      0.1130106719608857,
      0.8520398681327528
    ],
    "initial_pos": [
      -0.14185718478591028,
      0.1026210398600885,
      0.8305823386887229
    ],
    "initial_rot": [
      [
        -0.11668771452226451,
        -0.9931686550025481,
        0.0
      ],
      [
        0.9931686550025481,
        -0.11668771452226451,
        0.0
      ],
      [
        0.0,
        0.0,
        1.0
      ]
    ],
    "keypoint_offset": [
      -0.017492733651160636,
      0.0103896321007972,
      0.0214575294440299
    ]
  },
  "489": {
    "geom_id": 117,
    "geom_name": "red_cube_g0_vis",
    "body_id": 21,
    "body_name": "red_cube_main",
    "initial_keypoint": [
      -0.12149823443848007,
      0.10984673699677354,
      0.8465365070737854
    ],
    "initial_pos": [
      -0.14185718478591028,
      0.1026210398600885,
      0.8305823386887229
    ],
    "initial_rot": [
      [
        -0.11668771452226451,
        -0.9931686550025481,
        0.0
      ],
      [
        0.9931686550025481,
        -0.11668771452226451,
        0.0
      ],
      [
        0.0,
        0.0,
        1.0
      ]
    ],
    "keypoint_offset": [
      0.02035895034743021,
      0.007225697136685041,
      0.015954168385062473
    ]
  }
}