{
  "256": {
    "geom_id": 121,
    "geom_name": "red_cube_g0_vis",
    "body_id": 23,
    "body_name": "red_cube_main",
    "initial_keypoint": [
      0.12159436687616165,
      -0.12835697535304225,
      0.851766182009986
    ],
    "initial_pos": [
      0.13760997415339452,
      -0.11240383655542019,
      0.8305522343645156
    ],
    "initial_rot": [
      [
        -0.2508000834229601,
        0.9680389032239541,
        0.0
      ],
      [
        -0.9680389032239541,
        -0.2508000834229601,
        0.0
      ],
      [
        0.0,
        0.0,
        0.9999999999999999
      ]
    ],
    "keypoint_offset": [
      -0.016015607277232863,
      -0.015953138797622057,
      0.021213947645470355
    ]
  },
  "257": {
    "geom_id": 121,
    "geom_name": "red_cube_g0_vis",
    "body_id": 23,
    "body_name": "red_cube_main",
    "initial_keypoint": [
      0.14740709339336544,
      -0.12457436565837168,
      0.8517477468329215
    ],
    "initial_pos": [
      0.13760997415339452,
      -0.11240383655542019,
      0.8305522343645156
    ],
    "initial_rot": [
      [
        -0.2508000834229601,
        0.9680389032239541,
        0.0
      ],
      [
        -0.9680389032239541,
        -0.2508000834229601,
        0.0
      ],
      [
        0.0,
        0.0,
        0.9999999999999999
      ]
    ],
    "keypoint_offset": [
      0.009797119239970925,
      -0.012170529102951494,
      0.021195512468405897
    ]
  },
  "258": {
    "geom_id": 121,
    "geom_name": "red_cube_g0_vis",
    "body_id": 23,
    "body_name": "red_cube_main",
    "initial_keypoint": [
      0.15523802998071878,
      -0.12709230334077276,
      0.8266786535641606
    ],
    "initial_pos": [
      0.13760997415339452,
      -0.11240383655542019,
      0.8305522343645156
    ],
    "initial_rot": [
      [
        -0.2508000834229601,
        0.9680389032239541,
        0.0
      ],
      [
        -0.9680389032239541,
        -0.2508000834229601,
        0.0
      ],
      [
        0.0,
        0.0,
        0.9999999999999999
      ]
    ],
    "keypoint_offset": [
      0.017628055827324268,
      -0.014688466785352572,
      -0.0038735808003550476
    ]
  },
  "280": {
    "geom_id": 121,
    "geom_name": "red_cube_g0_vis",
    "body_id": 23,
    "body_name": "red_cube_main",
    "initial_keypoint": [
      0.12159436687616165,
      -0.1069641461275352,
      0.851766182009986
    ],
    "initial_pos": [
      0.13760997415339452,
      -0.11240383655542019,
      0.8305522343645156
    ],
    "initial_rot": [
      [
        -0.2508000834229601,
        0.9680389032239541,
        0.0
      ],
      [
        -0.9680389032239541,
        -0.2508000834229601,
        0.0
      ],
      [
        0.0,
        0.0,
        0.9999999999999999
      ]
    ],
    "keypoint_offset": [
      -0.016015607277232863,
      0.005439690427884988,
      0.021213947645470355
    ]
  },
  "281": {
    "geom_id": 121,
    "geom_name": "red_cube_g0_vis",
    "body_id": 23,
    "body_name": "red_cube_main",
    "initial_keypoint": [
      0.14740709339336544,
      -0.1038119713819764,
      0.8517477468329215
    ],
    "initial_pos": [
      0.13760997415339452,
      -0.11240383655542019,
      0.8305522343645156
    ],
    "initial_rot": [
      [
        -0.2508000834229601,
        0.9680389032239541,
        0.0
      ],
      [
        -0.9680389032239541,
        -0.2508000834229601,
        0.0
      ],
      [
        0.0,
        0.0,
        0.9999999999999999
      ]
    ],
    "keypoint_offset": [
      0.009797119239970925,
      0.008591865173443791,
      0.021195512468405897
    ]
  },
  "282": {
    "geom_id": 121,
    "geom_name": "red_cube_g0_vis",
    "body_id": 23,
    "body_name": "red_cube_main",
    "initial_keypoint": [
      0.16120981006792617,
      -0.10407573275680874,
      0.8357433424440894
    ],
    "initial_pos": [
      0.13760997415339452,
      -0.11240383655542019,
      0.8305522343645156
    ],
    "initial_rot": [
      [
        -0.2508000834229601,
        0.9680389032239541,
        0.0
      ],
      [
        -0.9680389032239541,
        -0.2508000834229601,
        0.0
      ],
      [
        0.0,
        0.0,
        0.9999999999999999
      ]
    ],
    "keypoint_offset": [
      0.02359983591453166,
      0.008328103798611444,
      0.005191108079573792
    ]
  },
  "305": {
    "geom_id": 121,
    "geom_name": "red_cube_g0_vis",
    "body_id": 23,
    "body_name": "red_cube_main",
    "initial_keypoint": [
      0.12745375811858872,
      -0.08774937686152126,
      0.8235515067141516
    ],
    "initial_pos": [
      0.13760997415339452,
      -0.11240383655542019,
      0.8305522343645156
    ],
    "initial_rot": [
      [
        -0.2508000834229601,
        0.9680389032239541,
        0.0
      ],
      [
        -0.9680389032239541,
        -0.2508000834229601,
        0.0
      ],
      [
        0.0,
        0.0,
        0.9999999999999999
      ]
    ],
    "keypoint_offset": [
      -0.010156216034805793,
      0.024654459693898928,
      -0.00700072765036408
    ]
  },
  "312": {
    "geom_id": 75,
    "geom_name": "gripper0_right_wiping_surface_vis",
    "body_id": 14,
    "body_name": "gripper0_right_wiping_gripper",
    "initial_keypoint": [
      -0.10910504524391551,
      -0.06303956317960561,
      1.0986669897426273
    ],
    "initial_pos": [
      -0.11997514206355127,
      -0.00831713649867773,
      1.0815392225480571
    ],
    "initial_rot": [
      [
        0.013710474276326825,
        0.9953080039740444,
        0.0957810008316827
      ],
      [
        0.999897251359026,
        -0.013246441904691762,
        -0.005478914265399176
      ],
      [
        -0.004184449758349265,
        0.0958462779771142,
        -0.9953873524302742
      ]
    ],
    "keypoint_offset": [
      0.010870096819635758,
      -0.05472242668092789,
      0.01712776719457021
    ]
  },
  "313": {
    "geom_id": 75,
    "geom_name": "gripper0_right_wiping_surface_vis",
    "body_id": 14,
    "body_name": "gripper0_right_wiping_gripper",
    "initial_keypoint": [
      -0.09629985185917911,
      -0.06325524674003015,
      1.082877482468042
    ],
    "initial_pos": [
      -0.11997514206355127,
      -0.00831713649867773,
      1.0815392225480571
    ],
    "initial_rot": [
      [
        0.013710474276326825,
        0.9953080039740444,
        0.0957810008316827
      ],
      [
        0.999897251359026,
        -0.013246441904691762,
        -0.005478914265399176
      ],
      [
        -0.004184449758349265,
        0.0958462779771142,
        -0.9953873524302742
      ]
    ],
    "keypoint_offset": [
      0.02367529020437216,
      -0.05493811024135242,
      0.0013382599199849299
    ]
  },
  "336": {
    "geom_id": 75,
    "geom_name": "gripper0_right_wiping_surface_vis",
    "body_id": 14,
    "body_name": "gripper0_right_wiping_gripper",
    "initial_keypoint": [
      -0.10946985119096331,
      -0.042051545941835605,
      1.0985164610652716
    ],
    "initial_pos": [
      -0.11997514206355127,
      -0.00831713649867773,
      1.0815392225480571
    ],
    "initial_rot": [
      [
        0.013710474276326825,
        0.9953080039740444,
        0.0957810008316827
      ],
      [
        0.999897251359026,
        -0.013246441904691762,
        -0.005478914265399176
      ],
      [
        -0.004184449758349265,
        0.0958462779771142,
        -0.9953873524302742
      ]
    ],
    "keypoint_offset": [
      0.01050529087258796,
      -0.03373440944315788,
      0.016977238517214444
    ]
  },
  "337": {
    "geom_id": 75,
    "geom_name": "gripper0_right_wiping_surface_vis",
    "body_id": 14,
    "body_name": "gripper0_right_wiping_gripper",
    "initial_keypoint": [
      -0.09602987250428396,
      -0.042151071626282885,
      1.0829984242471427
    ],
    "initial_pos": [
      -0.11997514206355127,
      -0.00831713649867773,
      1.0815392225480571
    ],
    "initial_rot": [
      [
        0.013710474276326825,
        0.9953080039740444,
        0.0957810008316827
      ],
      [
        0.999897251359026,
        -0.013246441904691762,
        -0.005478914265399176
      ],
      [
        -0.004184449758349265,
        0.0958462779771142,
        -0.9953873524302742
      ]
    ],
    "keypoint_offset": [
      0.023945269559267304,
      -0.03383393512760516,
      0.0014592016990855328
    ]
  },
  "361": {
    "geom_id": 75,
    "geom_name": "gripper0_right_wiping_surface_vis",
    "body_id": 14,
    "body_name": "gripper0_right_wiping_gripper",
    "initial_keypoint": [
      -0.09576216237241497,
      -0.02106606961902597,
      1.0831183494897378
    ],
    "initial_pos": [
      -0.11997514206355127,
      -0.00831713649867773,
      1.0815392225480571
    ],
    "initial_rot": [
      [
        0.013710474276326825,
        0.9953080039740444,
        0.0957810008316827
      ],
      [
        0.999897251359026,
        -0.013246441904691762,
        -0.005478914265399176
      ],
      [
        -0.004184449758349265,
        0.0958462779771142,
        -0.9953873524302742
      ]
    ],
    "keypoint_offset": [
      0.024212979691136297,
      -0.012748933120348239,
      0.0015791269416807197
    ]
  },
  "376": {
    "geom_id": 119,
    "geom_name": "light_cube_g0_vis",
    "body_id": 22,
    "body_name": "light_cube_main",
    "initial_keypoint": [
      0.12111154685537528,
      -0.021420125030186452,
      0.8511304693215342
    ],
    "initial_pos": [
      0.1349724603150105,
      -0.004053598757757626,
      0.8302339763515248
    ],
    "initial_rot": [
      [
        -0.9959396180663737,
        -0.09002375889622691,
        0.0
      ],
      [
        0.09002375889622691,
        -0.9959396180663737,
        0.0
      ],
      [
        0.0,
        0.0,
        1.0
      ]
    ],
    "keypoint_offset": [
      -0.013860913459635221,
      -0.017366526272428826,
      0.020896492970009395
    ]
  },
  "377": {
    "geom_id": 119,
    "geom_name": "light_cube_g0_vis",
    "body_id": 22,
    "body_name": "light_cube_main",
    "initial_keypoint": [
      0.14695734943209754,
      -0.020788877399771585,
      0.8511122095380659
    ],
    "initial_pos": [
      0.1349724603150105,
      -0.004053598757757626,
      0.8302339763515248
    ],
    "initial_rot": [
      [
        -0.9959396180663737,
        -0.09002375889622691,
        0.0
      ],
      [
        0.09002375889622691,
        -0.9959396180663737,
        0.0
      ],
      [
        0.0,
        0.0,
        1.0
      ]
    ],
    "keypoint_offset": [
      0.011984889117087033,
      -0.01673527864201396,
      0.02087823318654103
    ]
  },
  "378": {
    "geom_id": 119,
    "geom_name": "light_cube_g0_vis",
    "body_id": 22,
    "body_name": "light_cube_main",
    "initial_keypoint": [
      0.15466657658375021,
      -0.02121716044651086,
      0.8258112325980077
    ],
    "initial_pos": [
      0.1349724603150105,
      -0.004053598757757626,
      0.8302339763515248
    ],
    "initial_rot": [
      [
        -0.9959396180663737,
        -0.09002375889622691,
        0.0
      ],
      [
        0.09002375889622691,
        -0.9959396180663737,
        0.0
      ],
      [
        0.0,
        0.0,
        1.0
      ]
    ],
    "keypoint_offset": [
      0.01969411626873971,
      -0.017163561688753232,
      -0.004422743753517144
    ]
  },
  "385": {
    "geom_id": 75,
    "geom_name": "gripper0_right_wiping_surface_vis",
    "body_id": 14,
    "body_name": "gripper0_right_wiping_gripper",
    "initial_keypoint": [
      -0.09549264849916628,
      0.0,
      1.0832390827485294
    ],
    "initial_pos": [
      -0.11997514206355127,
      -0.00831713649867773,
      1.0815392225480571
    ],
    "initial_rot": [
      [
        0.013710474276326825,
        0.9953080039740444,
        0.0957810008316827
      ],
      [
        0.999897251359026,
        -0.013246441904691762,
        -0.005478914265399176
      ],
      [
        -0.004184449758349265,
        0.0958462779771142,
        -0.9953873524302742
      ]
    ],
    "keypoint_offset": [
      0.02448249356438499,
      0.00831713649867773,
      0.001699860200472303
    ]
  },
  "394": {
    "geom_id": 123,
    "geom_name": "blue_cube_g0_vis",
    "body_id": 24,
    "body_name": "blue_cube_main",
    "initial_keypoint": [
      -0.08386028821660607,
      0.0,
      0.8429378218440882
    ],
    "initial_pos": [
      -0.09521575152848827,
      0.025009217877171613,
      0.8309188587749194
    ],
    "initial_rot": [
      [
        -0.9186141975523774,
        -0.39515560992500387,
        0.0
      ],
      [
        0.39515560992500387,
        -0.9186141975523774,
        0.0
      ],
      [
        0.0,
        0.0,
        1.0
      ]
    ],
    "keypoint_offset": [
      0.011355463311882197,
      -0.025009217877171613,
      0.01201896306916872
    ]
  },
  "400": {
    "geom_id": 119,
    "geom_name": "light_cube_g0_vis",
    "body_id": 22,
    "body_name": "light_cube_main",
    "initial_keypoint": [
      0.12111154685537528,
      0.0,
      0.8511304693215342
    ],
    "initial_pos": [
      0.1349724603150105,
      -0.004053598757757626,
      0.8302339763515248
    ],
    "initial_rot": [
      [
        -0.9959396180663737,
        -0.09002375889622691,
        0.0
      ],
      [
        0.09002375889622691,
        -0.9959396180663737,
        0.0
      ],
      [
        0.0,
        0.0,
        1.0
      ]
    ],
    "keypoint_offset": [
      -0.013860913459635221,
      0.004053598757757626,
      0.020896492970009395
    ]
  },
  "401": {
    "geom_id": 119,
    "geom_name": "light_cube_g0_vis",
    "body_id": 22,
    "body_name": "light_cube_main",
    "initial_keypoint": [
      0.14695734943209754,
      0.0,
      0.8511122095380659
    ],
    "initial_pos": [
      0.1349724603150105,
      -0.004053598757757626,
      0.8302339763515248
    ],
    "initial_rot": [
      [
        -0.9959396180663737,
        -0.09002375889622691,
        0.0
      ],
      [
        0.09002375889622691,
        -0.9959396180663737,
        0.0
      ],
      [
        0.0,
        0.0,
        1.0
      ]
    ],
    "keypoint_offset": [
      0.011984889117087033,
      0.004053598757757626,
      0.02087823318654103
    ]
  },
  "402": {
    "geom_id": 119,
    "geom_name": "light_cube_g0_vis",
    "body_id": 22,
    "body_name": "light_cube_main",
    "initial_keypoint": [
      0.15658647916847912,
      0.0,
      0.8287254925600613
    ],
    "initial_pos": [
      0.1349724603150105,
      -0.004053598757757626,
      0.8302339763515248
    ],
    "initial_rot": [
      [
        -0.9959396180663737,
        -0.09002375889622691,
        0.0
      ],
      [
        0.09002375889622691,
        -0.9959396180663737,
        0.0
      ],
      [
        0.0,
        0.0,
        1.0
      ]
    ],
    "keypoint_offset": [
      0.021614018853468614,
      0.004053598757757626,
      -0.0015084837914635107
    ]
  },
  "408": {
    "geom_id": 75,
    "geom_name": "gripper0_right_wiping_surface_vis",
    "body_id": 14,
    "body_name": "gripper0_right_wiping_gripper",
    "initial_keypoint": [
      -0.1105646268604017,
      0.021063541048591733,
      1.0980647273836923
    ],
    "initial_pos": [
      -0.11997514206355127,
      -0.00831713649867773,
      1.0815392225480571
    ],
    "initial_rot": [
      [
        0.013710474276326825,
        0.9953080039740444,
        0.0957810008316827
      ],
      [
        0.999897251359026,
        -0.013246441904691762,
        -0.005478914265399176
      ],
      [
        -0.004184449758349265,
        0.0958462779771142,
        -0.9953873524302742
      ]
    ],
    "keypoint_offset": [
      0.009410515203149575,
      0.029380677547269463,
      0.016525504835635196
    ]
  },
  "409": {
    "geom_id": 75,
    "geom_name": "gripper0_right_wiping_surface_vis",
    "body_id": 14,
    "body_name": "gripper0_right_wiping_gripper",
    "initial_keypoint": [
      -0.09522342555194652,
      0.021047019957796852,
      1.0833596856821281
    ],
    "initial_pos": [
      -0.11997514206355127,
      -0.00831713649867773,
      1.0815392225480571
    ],
    "initial_rot": [
      [
        0.013710474276326825,
        0.9953080039740444,
        0.0957810008316827
      ],
      [
        0.999897251359026,
        -0.013246441904691762,
        -0.005478914265399176
      ],
      [
        -0.004184449758349265,
        0.0958462779771142,
        -0.9953873524302742
      ]
    ],
    "keypoint_offset": [
      0.02475171651160475,
      0.029364156456474583,
      0.0018204631340710264
    ]
  },
  "417": {
    "geom_id": 123,
    "geom_name": "blue_cube_g0_vis",
    "body_id": 24,
    "body_name": "blue_cube_main",
    "initial_keypoint": [
      -0.113919589014151,
      0.027126812231628352,
      0.8526758186366401
    ],
    "initial_pos": [
      -0.09521575152848827,
      0.025009217877171613,
      0.8309188587749194
    ],
    "initial_rot": [
      [
        -0.9186141975523774,
        -0.39515560992500387,
        0.0
      ],
      [
        0.39515560992500387,
        -0.9186141975523774,
        0.0
      ],
      [
        0.0,
        0.0,
        1.0
      ]
    ],
    "keypoint_offset": [
      -0.018703837485662733,
      0.0021175943544567387,
      0.02175695986172066
    ]
  },
  "418": {
    "geom_id": 123,
    "geom_name": "blue_cube_g0_vis",
    "body_id": 24,
    "body_name": "blue_cube_main",
    "initial_keypoint": [
      -0.07267883261048291,
      0.026119519474185542,
      0.8526485237860071
    ],
    "initial_pos": [
      -0.09521575152848827,
      0.025009217877171613,
      0.8309188587749194
    ],
    "initial_rot": [
      [
        -0.9186141975523774,
        -0.39515560992500387,
        0.0
      ],
      [
        0.39515560992500387,
        -0.9186141975523774,
        0.0
      ],
      [
        0.0,
        0.0,
        1.0
      ]
    ],
    "keypoint_offset": [
      0.022536918918005355,
      0.001110301597013929,
      0.02172966501108764
    ]
  },
  "419": {
    "geom_id": 123,
    "geom_name": "blue_cube_g0_vis",
    "body_id": 24,
    "body_name": "blue_cube_main",
    "initial_keypoint": [
      -0.07226592833270407,
      0.026969285791191233,
      0.8173718158908616
    ],
    "initial_pos": [
      -0.09521575152848827,
      0.025009217877171613,
      0.8309188587749194
    ],
    "initial_rot": [
      [
        -0.9186141975523774,
        -0.39515560992500387,
        0.0
      ],
      [
        0.39515560992500387,
        -0.9186141975523774,
        0.0
      ],
      [
        0.0,
        0.0,
        1.0
      ]
    ],
    "keypoint_offset": [
      0.022949823195784202,
      0.0019600679140196198,
      -0.013547042884057836
    ]
  },
  "432": {
    "geom_id": 75,
    "geom_name": "gripper0_right_wiping_surface_vis",
    "body_id": 14,
    "body_name": "gripper0_right_wiping_gripper",
    "initial_keypoint": [
      -0.11092907497915405,
      0.04215222789689643,
      1.0979143463558485
    ],
    "initial_pos": [
      -0.11997514206355127,
      -0.00831713649867773,
      1.0815392225480571
    ],
    "initial_rot": [
      [
        0.013710474276326825,
        0.9953080039740444,
        0.0957810008316827
      ],
      [
        0.999897251359026,
        -0.013246441904691762,
        -0.005478914265399176
      ],
      [
        -0.004184449758349265,
        0.0958462779771142,
        -0.9953873524302742
      ]
    ],
    "keypoint_offset": [
      0.009046067084397216,
      0.05046936439557416,
      0.01637512380779138
    ]
  },
  "433": {
    "geom_id": 75,
    "geom_name": "gripper0_right_wiping_surface_vis",
    "body_id": 14,
    "body_name": "gripper0_right_wiping_gripper",
    "initial_keypoint": [
      -0.09495641364254714,
      0.04207515690546726,
      1.08347929814426
    ],
    "initial_pos": [
      -0.11997514206355127,
      -0.00831713649867773,
      1.0815392225480571
    ],
    "initial_rot": [
      [
        0.013710474276326825,
        0.9953080039740444,
        0.0957810008316827
      ],
      [
        0.999897251359026,
        -0.013246441904691762,
        -0.005478914265399176
      ],
      [
        -0.004184449758349265,
        0.0958462779771142,
        -0.9953873524302742
      ]
    ],
    "keypoint_offset": [
      0.025018728421004124,
      0.050392293404144986,
      0.001940075596202906
    ]
  },
  "493": {
    "geom_id": 117,
    "geom_name": "green_cube_g0_vis",
    "body_id": 21,
    "body_name": "green_cube_main",
    "initial_keypoint": [
      0.03310695679144243,
      0.09428907885801967,
      0.8510795966048457
    ],
    "initial_pos": [
      0.038812846785516164,
      0.11103407314991479,
      0.8301749637159845
    ],
    "initial_rot": [
      [
        0.8868687284193111,
        -0.462021491439429,
        0.0
      ],
      [
        0.462021491439429,
        0.8868687284193111,
        0.0
      ],
      [
        0.0,
        0.0,
        1.0
      ]
    ],
    "keypoint_offset": [
      -0.005705889994073732,
      -0.01674499429189512,
      0.02090463288886113
    ]
  },
  "494": {
    "geom_id": 117,
    "geom_name": "green_cube_g0_vis",
    "body_id": 21,
    "body_name": "green_cube_main",
    "initial_keypoint": [
      0.051131832508410135,
      0.09400021694673681,
      0.8359685257268902
    ],
    "initial_pos": [
      0.038812846785516164,
      0.11103407314991479,
      0.8301749637159845
    ],
    "initial_rot": [
      [
        0.8868687284193111,
        -0.462021491439429,
        0.0
      ],
      [
        0.462021491439429,
        0.8868687284193111,
        0.0
      ],
      [
        0.0,
        0.0,
        1.0
      ]
    ],
    "keypoint_offset": [
      0.012318985722893971,
      -0.017033856203177974,
      0.00579356201090564
    ]
  },
  "517": {
    "geom_id": 117,
    "geom_name": "green_cube_g0_vis",
    "body_id": 21,
    "body_name": "green_cube_main",
    "initial_keypoint": [
      0.03310695679144243,
      0.11786134857252459,
      0.8510795966048457
    ],
    "initial_pos": [
      0.038812846785516164,
      0.11103407314991479,
      0.8301749637159845
    ],
    "initial_rot": [
      [
        0.8868687284193111,
        -0.462021491439429,
        0.0
      ],
      [
        0.462021491439429,
        0.8868687284193111,
        0.0
      ],
      [
        0.0,
        0.0,
        1.0
      ]
    ],
    "keypoint_offset": [
      -0.005705889994073732,
      0.006827275422609802,
      0.02090463288886113
    ]
  },
  "518": {
    "geom_id": 117,
    "geom_name": "green_cube_g0_vis",
    "body_id": 21,
    "body_name": "green_cube_main",
    "initial_keypoint": [
      0.05883114395465322,
      0.11548482155170678,
      0.8447855653394716
    ],
    "initial_pos": [
      0.038812846785516164,
      0.11103407314991479,
      0.8301749637159845
    ],
    "initial_rot": [
      [
        0.8868687284193111,
        -0.462021491439429,
        0.0
      ],
      [
        0.462021491439429,
        0.8868687284193111,
        0.0
      ],
      [
        0.0,
        0.0,
        1.0
      ]
    ],
    "keypoint_offset": [
      0.020018297169137056,
      0.004450748401791993,
      0.01461060162348704
    ]
  }
}