{
  "299": {
    "geom_id": 125,
    "geom_name": "red_cube_g0_vis",
    "body_id": 25,
    "body_name": "red_cube_main",
    "initial_keypoint": [
      -0.03347496585874932,
      -0.10056470675169062,
      0.8534759396546938
    ],
    "initial_pos": [
      -0.024377460301538117,
      -0.09717065501157333,
      0.8313483336292711
    ],
    "initial_rot": [
      [
        -0.9993194026707597,
        0.03688809355003568,
        0.0
      ],
      [
        -0.03688809355003568,
        -0.9993194026707597,
        0.0
      ],
      [
        0.0,
        0.0,
        1.0
      ]
    ],
    "keypoint_offset": [
      -0.0090975055572112,
      -0.003394051740117282,
      0.02212760602542274
    ]
  },
  "300": {
    "geom_id": 125,
    "geom_name": "red_cube_g0_vis",
    "body_id": 25,
    "body_name": "red_cube_main",
    "initial_keypoint": [
      -0.004797006915709612,
      -0.09843443656766246,
      0.8465693677858531
    ],
    "initial_pos": [
      -0.024377460301538117,
      -0.09717065501157333,
      0.8313483336292711
    ],
    "initial_rot": [
      [
        -0.9993194026707597,
        0.03688809355003568,
        0.0
      ],
      [
        -0.03688809355003568,
        -0.9993194026707597,
        0.0
      ],
      [
        0.0,
        0.0,
        1.0
      ]
    ],
    "keypoint_offset": [
      0.019580453385828506,
      -0.0012637815560891247,
      0.015221034156582047
    ]
  },
  "301": {
    "geom_id": 125,
    "geom_name": "red_cube_g0_vis",
    "body_id": 25,
    "body_name": "red_cube_main",
    "initial_keypoint": [
      -0.013942208133722045,
      -0.10379066061504572,
      0.8008030103816866
    ],
    "initial_pos": [
      -0.024377460301538117,
      -0.09717065501157333,
      0.8313483336292711
    ],
    "initial_rot": [
      [
        -0.9993194026707597,
        0.03688809355003568,
        0.0
      ],
      [
        -0.03688809355003568,
        -0.9993194026707597,
        0.0
      ],
      [
        0.0,
        0.0,
        1.0
      ]
    ],
    "keypoint_offset": [
      0.010435252167816073,
      -0.006620005603472381,
      -0.03054532324758452
    ]
  },
  "312": {
    "geom_id": 75,
    "geom_name": "gripper0_right_wiping_surface_vis",
    "body_id": 14,
    "body_name": "gripper0_right_wiping_gripper",
    "initial_keypoint": [
      -0.08566454855218542,
      -0.060613579872296236,
      1.1083391647499798
    ],
    "initial_pos": [
      -0.10667780306036784,
      -0.017341162019978523,
      1.098249284434021
    ],
    "initial_rot": [
      [
        0.05100885036644368,
        0.9854797065242603,
        0.16195013187135618
      ],
      [
        0.9986947295797696,
        -0.049905959718157554,
        -0.01087346744137084
      ],
      [
        -0.002633304745501025,
        0.16229338622835354,
        -0.986739034645255
      ]
    ],
    "keypoint_offset": [
      0.021013254508182422,
      -0.04327241785231771,
      0.01008988031595881
    ]
  },
  "313": {
    "geom_id": 75,
    "geom_name": "gripper0_right_wiping_surface_vis",
    "body_id": 14,
    "body_name": "gripper0_right_wiping_gripper",
    "initial_keypoint": [
      -0.08255580802761153,
      -0.061797284137723646,
      1.089034357365648
    ],
    "initial_pos": [
      -0.10667780306036784,
      -0.017341162019978523,
      1.098249284434021
    ],
    "initial_rot": [
      [
        0.05100885036644368,
        0.9854797065242603,
        0.16195013187135618
      ],
      [
        0.9986947295797696,
        -0.049905959718157554,
        -0.01087346744137084
      ],
      [
        -0.002633304745501025,
        0.16229338622835354,
        -0.986739034645255
      ]
    ],
    "keypoint_offset": [
      0.024121995032756305,
      -0.04445612211774512,
      -0.009214927068373013
    ]
  },
  "324": {
    "geom_id": 125,
    "geom_name": "red_cube_g0_vis",
    "body_id": 25,
    "body_name": "red_cube_main",
    "initial_keypoint": [
      -0.025658704048516223,
      -0.07687682026293684,
      0.8257641386883229
    ],
    "initial_pos": [
      -0.024377460301538117,
      -0.09717065501157333,
      0.8313483336292711
    ],
    "initial_rot": [
      [
        -0.9993194026707597,
        0.03688809355003568,
        0.0
      ],
      [
        -0.03688809355003568,
        -0.9993194026707597,
        0.0
      ],
      [
        0.0,
        0.0,
        1.0
      ]
    ],
    "keypoint_offset": [
      -0.0012812437469781057,
      0.020293834748636497,
      -0.005584194940948195
    ]
  },
  "336": {
    "geom_id": 75,
    "geom_name": "gripper0_right_wiping_surface_vis",
    "body_id": 14,
    "body_name": "gripper0_right_wiping_gripper",
    "initial_keypoint": [
      -0.08470127478126588,
      -0.04034259031955019,
      1.1087366372359453
    ],
    "initial_pos": [
      -0.10667780306036784,
      -0.017341162019978523,
      1.098249284434021
    ],
    "initial_rot": [
      [
        0.05100885036644368,
        0.9854797065242603,
        0.16195013187135618
      ],
      [
        0.9986947295797696,
        -0.049905959718157554,
        -0.01087346744137084
      ],
      [
        -0.002633304745501025,
        0.16229338622835354,
        -0.986739034645255
      ]
    ],
    "keypoint_offset": [
      0.02197652827910196,
      -0.023001428299571667,
      0.010487352801924255
    ]
  },
  "337": {
    "geom_id": 75,
    "geom_name": "gripper0_right_wiping_surface_vis",
    "body_id": 14,
    "body_name": "gripper0_right_wiping_gripper",
    "initial_keypoint": [
      -0.0815809149044937,
      -0.04112924524675103,
      1.0894710770873783
    ],
    "initial_pos": [
      -0.10667780306036784,
      -0.017341162019978523,
      1.098249284434021
    ],
    "initial_rot": [
      [
        0.05100885036644368,
        0.9854797065242603,
        0.16195013187135618
      ],
      [
        0.9986947295797696,
        -0.049905959718157554,
        -0.01087346744137084
      ],
      [
        -0.002633304745501025,
        0.16229338622835354,
        -0.986739034645255
      ]
    ],
    "keypoint_offset": [
      0.02509688815587413,
      -0.02378808322677251,
      -0.008778207346642697
    ]
  },
  "345": {
    "geom_id": 119,
    "geom_name": "light_cube_g0_vis",
    "body_id": 22,
    "body_name": "light_cube_main",
    "initial_keypoint": [
      -0.11432370459101882,
      -0.054289337177331115,
      0.8523484525580226
    ],
    "initial_pos": [
      -0.1156636237715709,
      -0.05233251120520614,
      0.8307545466801975
    ],
    "initial_rot": [
      [
        -0.9338087695541585,
        0.3577725281568563,
        0.0
      ],
      [
        -0.3577725281568563,
        -0.9338087695541585,
        0.0
      ],
      [
        0.0,
        0.0,
        0.9999999999999999
      ]
    ],
    "keypoint_offset": [
      0.0013399191805520821,
      -0.001956825972124973,
      0.02159390587782506
    ]
  },
  "346": {
    "geom_id": 119,
    "geom_name": "light_cube_g0_vis",
    "body_id": 22,
    "body_name": "light_cube_main",
    "initial_keypoint": [
      -0.09423933399059048,
      -0.05420576062063502,
      0.8339239846923756
    ],
    "initial_pos": [
      -0.1156636237715709,
      -0.05233251120520614,
      0.8307545466801975
    ],
    "initial_rot": [
      [
        -0.9338087695541585,
        0.3577725281568563,
        0.0
      ],
      [
        -0.3577725281568563,
        -0.9338087695541585,
        0.0
      ],
      [
        0.0,
        0.0,
        0.9999999999999999
      ]
    ],
    "keypoint_offset": [
      0.02142428978098042,
      -0.0018732494154288792,
      0.0031694380121780608
    ]
  },
  "351": {
    "geom_id": 117,
    "geom_name": "blue_cube_g0_vis",
    "body_id": 21,
    "body_name": "blue_cube_main",
    "initial_keypoint": [
      0.08718164240312642,
      -0.04488477928079136,
      0.8432128314124745
    ],
    "initial_pos": [
      0.07223978890931237,
      -0.0234846732394573,
      0.8312321043677531
    ],
    "initial_rot": [
      [
        -0.9657995182910947,
        -0.2592899737141593,
        0.0
      ],
      [
        0.2592899737141593,
        -0.9657995182910947,
        0.0
      ],
      [
        0.0,
        0.0,
        0.9999999999999999
      ]
    ],
    "keypoint_offset": [
      0.01494185349381405,
      -0.021400106041334063,
      0.011980727044721418
    ]
  },
  "360": {
    "geom_id": 75,
    "geom_name": "gripper0_right_wiping_surface_vis",
    "body_id": 14,
    "body_name": "gripper0_right_wiping_gripper",
    "initial_keypoint": [
      -0.08374307024452965,
      -0.02013823857623819,
      1.1091320180204924
    ],
    "initial_pos": [
      -0.10667780306036784,
      -0.017341162019978523,
      1.098249284434021
    ],
    "initial_rot": [
      [
        0.05100885036644368,
        0.9854797065242603,
        0.16195013187135618
      ],
      [
        0.9986947295797696,
        -0.049905959718157554,
        -0.01087346744137084
      ],
      [
        -0.002633304745501025,
        0.16229338622835354,
        -0.986739034645255
      ]
    ],
    "keypoint_offset": [
      0.022934732815838188,
      -0.002797076556259666,
      0.010882733586471405
    ]
  },
  "361": {
    "geom_id": 75,
    "geom_name": "gripper0_right_wiping_surface_vis",
    "body_id": 14,
    "body_name": "gripper0_right_wiping_gripper",
    "initial_keypoint": [
      -0.08060736004110913,
      -0.020530197854859954,
      1.089907197313221
    ],
    "initial_pos": [
      -0.10667780306036784,
      -0.017341162019978523,
      1.098249284434021
    ],
    "initial_rot": [
      [
        0.05100885036644368,
        0.9854797065242603,
        0.16195013187135618
      ],
      [
        0.9986947295797696,
        -0.049905959718157554,
        -0.01087346744137084
      ],
      [
        -0.002633304745501025,
        0.16229338622835354,
        -0.986739034645255
      ]
    ],
    "keypoint_offset": [
      0.026070443019258704,
      -0.003189035834881431,
      -0.00834208712079998
    ]
  },
  "370": {
    "geom_id": 119,
    "geom_name": "light_cube_g0_vis",
    "body_id": 22,
    "body_name": "light_cube_main",
    "initial_keypoint": [
      -0.10445932326198215,
      -0.027569007559308474,
      0.8250482825333697
    ],
    "initial_pos": [
      -0.1156636237715709,
      -0.05233251120520614,
      0.8307545466801975
    ],
    "initial_rot": [
      [
        -0.9338087695541585,
        0.3577725281568563,
        0.0
      ],
      [
        -0.3577725281568563,
        -0.9338087695541585,
        0.0
      ],
      [
        0.0,
        0.0,
        0.9999999999999999
      ]
    ],
    "keypoint_offset": [
      0.011204300509588747,
      0.024763503645897668,
      -0.005706264146827844
    ]
  },
  "371": {
    "geom_id": 121,
    "geom_name": "green_cube_g0_vis",
    "body_id": 23,
    "body_name": "green_cube_main",
    "initial_keypoint": [
      -0.0450840872518925,
      -0.025688281970860777,
      0.842670918875722
    ],
    "initial_pos": [
      -0.04518455978651033,
      0.00016841780797408057,
      0.8313689564070506
    ],
    "initial_rot": [
      [
        -0.5976088203856418,
        -0.8017878134502181,
        0.0
      ],
      [
        0.8017878134502181,
        -0.5976088203856418,
        0.0
      ],
      [
        0.0,
        0.0,
        1.0
      ]
    ],
    "keypoint_offset": [
      0.00010047253461782646,
      -0.025856699778834858,
      0.011301962468671434
    ]
  },
  "374": {
    "geom_id": 117,
    "geom_name": "blue_cube_g0_vis",
    "body_id": 21,
    "body_name": "blue_cube_main",
    "initial_keypoint": [
      0.06615217052961436,
      -0.02271367911874216,
      0.8531694035264163
    ],
    "initial_pos": [
      0.07223978890931237,
      -0.0234846732394573,
      0.8312321043677531
    ],
    "initial_rot": [
      [
        -0.9657995182910947,
        -0.2592899737141593,
        0.0
      ],
      [
        0.2592899737141593,
        -0.9657995182910947,
        0.0
      ],
      [
        0.0,
        0.0,
        0.9999999999999999
      ]
    ],
    "keypoint_offset": [
      -0.006087618379698012,
      0.0007709941207151398,
      0.02193729915866327
    ]
  },
  "375": {
    "geom_id": 117,
    "geom_name": "blue_cube_g0_vis",
    "body_id": 21,
    "body_name": "blue_cube_main",
    "initial_keypoint": [
      0.0933048007168285,
      -0.022109511263799547,
      0.8507297889496306
    ],
    "initial_pos": [
      0.07223978890931237,
      -0.0234846732394573,
      0.8312321043677531
    ],
    "initial_rot": [
      [
        -0.9657995182910947,
        -0.2592899737141593,
        0.0
      ],
      [
        0.2592899737141593,
        -0.9657995182910947,
        0.0
      ],
      [
        0.0,
        0.0,
        0.9999999999999999
      ]
    ],
    "keypoint_offset": [
      0.021065011807516132,
      0.0013751619756577523,
      0.019497684581877506
    ]
  },
  "376": {
    "geom_id": 117,
    "geom_name": "blue_cube_g0_vis",
    "body_id": 21,
    "body_name": "blue_cube_main",
    "initial_keypoint": [
      0.0930403682834739,
      -0.02300710438984855,
      0.8141701039065173
    ],
    "initial_pos": [
      0.07223978890931237,
      -0.0234846732394573,
      0.8312321043677531
    ],
    "initial_rot": [
      [
        -0.9657995182910947,
        -0.2592899737141593,
        0.0
      ],
      [
        0.2592899737141593,
        -0.9657995182910947,
        0.0
      ],
      [
        0.0,
        0.0,
        0.9999999999999999
      ]
    ],
    "keypoint_offset": [
      0.02080057937416152,
      0.00047756884960874907,
      -0.017062000461235738
    ]
  },
  "384": {
    "geom_id": 75,
    "geom_name": "gripper0_right_wiping_surface_vis",
    "body_id": 14,
    "body_name": "gripper0_right_wiping_gripper",
    "initial_keypoint": [
      -0.08278802652440176,
      0.0,
      1.1095260945676848
    ],
    "initial_pos": [
      -0.10667780306036784,
      -0.017341162019978523,
      1.098249284434021
    ],
    "initial_rot": [
      [
        0.05100885036644368,
        0.9854797065242603,
        0.16195013187135618
      ],
      [
        0.9986947295797696,
        -0.049905959718157554,
        -0.01087346744137084
      ],
      [
        -0.002633304745501025,
        0.16229338622835354,
        -0.986739034645255
      ]
    ],
    "keypoint_offset": [
      0.02388977653596608,
      0.017341162019978523,
      0.011276810133663773
    ]
  },
  "385": {
    "geom_id": 75,
    "geom_name": "gripper0_right_wiping_surface_vis",
    "body_id": 14,
    "body_name": "gripper0_right_wiping_gripper",
    "initial_keypoint": [
      -0.07963892547583473,
      0.0,
      1.0903410238156668
    ],
    "initial_pos": [
      -0.10667780306036784,
      -0.017341162019978523,
      1.098249284434021
    ],
    "initial_rot": [
      [
        0.05100885036644368,
        0.9854797065242603,
        0.16195013187135618
      ],
      [
        0.9986947295797696,
        -0.049905959718157554,
        -0.01087346744137084
      ],
      [
        -0.002633304745501025,
        0.16229338622835354,
        -0.986739034645255
      ]
    ],
    "keypoint_offset": [
      0.027038877584533105,
      0.017341162019978523,
      -0.007908260618354257
    ]
  },
  "395": {
    "geom_id": 121,
    "geom_name": "green_cube_g0_vis",
    "body_id": 23,
    "body_name": "green_cube_main",
    "initial_keypoint": [
      -0.033433491925719316,
      0.0,
      0.853514540914255
    ],
    "initial_pos": [
      -0.04518455978651033,
      0.00016841780797408057,
      0.8313689564070506
    ],
    "initial_rot": [
      [
        -0.5976088203856418,
        -0.8017878134502181,
        0.0
      ],
      [
        0.8017878134502181,
        -0.5976088203856418,
        0.0
      ],
      [
        0.0,
        0.0,
        1.0
      ]
    ],
    "keypoint_offset": [
      0.011751067860791012,
      -0.00016841780797408057,
      0.022145584507204497
    ]
  },
  "396": {
    "geom_id": 121,
    "geom_name": "green_cube_g0_vis",
    "body_id": 23,
    "body_name": "green_cube_main",
    "initial_keypoint": [
      -0.020361140370070863,
      0.0,
      0.8310473630246347
    ],
    "initial_pos": [
      -0.04518455978651033,
      0.00016841780797408057,
      0.8313689564070506
    ],
    "initial_rot": [
      [
        -0.5976088203856418,
        -0.8017878134502181,
        0.0
      ],
      [
        0.8017878134502181,
        -0.5976088203856418,
        0.0
      ],
      [
        0.0,
        0.0,
        1.0
      ]
    ],
    "keypoint_offset": [
      0.024823419416439466,
      -0.00016841780797408057,
      -0.00032159338241588564
    ]
  },
  "398": {
    "geom_id": 117,
    "geom_name": "blue_cube_g0_vis",
    "body_id": 21,
    "body_name": "blue_cube_main",
    "initial_keypoint": [
      0.06047345675911392,
      0.0,
      0.8466662967729617
    ],
    "initial_pos": [
      0.07223978890931237,
      -0.0234846732394573,
      0.8312321043677531
    ],
    "initial_rot": [
      [
        -0.9657995182910947,
        -0.2592899737141593,
        0.0
      ],
      [
        0.2592899737141593,
        -0.9657995182910947,
        0.0
      ],
      [
        0.0,
        0.0,
        0.9999999999999999
      ]
    ],
    "keypoint_offset": [
      -0.011766332150198455,
      0.0234846732394573,
      0.015434192405208602
    ]
  },
  "408": {
    "geom_id": 75,
    "geom_name": "gripper0_right_wiping_surface_vis",
    "body_id": 14,
    "body_name": "gripper0_right_wiping_gripper",
    "initial_keypoint": [
      -0.08183417556525818,
      0.020072384644212963,
      1.1099196789498376
    ],
    "initial_pos": [
      -0.10667780306036784,
      -0.017341162019978523,
      1.098249284434021
    ],
    "initial_rot": [
      [
        0.05100885036644368,
        0.9854797065242603,
        0.16195013187135618
      ],
      [
        0.9986947295797696,
        -0.049905959718157554,
        -0.01087346744137084
      ],
      [
        -0.002633304745501025,
        0.16229338622835354,
        -0.986739034645255
      ]
    ],
    "keypoint_offset": [
      0.024843627495109655,
      0.037413546664191485,
      0.011670394515816529
    ]
  },
  "409": {
    "geom_id": 75,
    "geom_name": "gripper0_right_wiping_surface_vis",
    "body_id": 14,
    "body_name": "gripper0_right_wiping_gripper",
    "initial_keypoint": [
      -0.07867380746729058,
      0.02046182769692662,
      1.0907733646109126
    ],
    "initial_pos": [
      -0.10667780306036784,
      -0.017341162019978523,
      1.098249284434021
    ],
    "initial_rot": [
      [
        0.05100885036644368,
        0.9854797065242603,
        0.16195013187135618
      ],
      [
        0.9986947295797696,
        -0.049905959718157554,
        -0.01087346744137084
      ],
      [
        -0.002633304745501025,
        0.16229338622835354,
        -0.986739034645255
      ]
    ],
    "keypoint_offset": [
      0.028003995593077258,
      0.03780298971690514,
      -0.007475919823108468
    ]
  },
  "419": {
    "geom_id": 121,
    "geom_name": "green_cube_g0_vis",
    "body_id": 23,
    "body_name": "green_cube_main",
    "initial_keypoint": [
      -0.03930737957560848,
      0.025416041964002815,
      0.8480475054719446
    ],
    "initial_pos": [
      -0.04518455978651033,
      0.00016841780797408057,
      0.8313689564070506
    ],
    "initial_rot": [
      [
        -0.5976088203856418,
        -0.8017878134502181,
        0.0
      ],
      [
        0.8017878134502181,
        -0.5976088203856418,
        0.0
      ],
      [
        0.0,
        0.0,
        1.0
      ]
    ],
    "keypoint_offset": [
      0.005877180210901847,
      0.025247624156028735,
      0.016678549064894077
    ]
  },
  "420": {
    "geom_id": 121,
    "geom_name": "green_cube_g0_vis",
    "body_id": 23,
    "body_name": "green_cube_main",
    "initial_keypoint": [
      -0.040023528475445214,
      0.026325884974808075,
      0.8114381966882317
    ],
    "initial_pos": [
      -0.04518455978651033,
      0.00016841780797408057,
      0.8313689564070506
    ],
    "initial_rot": [
      [
        -0.5976088203856418,
        -0.8017878134502181,
        0.0
      ],
      [
        0.8017878134502181,
        -0.5976088203856418,
        0.0
      ],
      [
        0.0,
        0.0,
        1.0
      ]
    ],
    "keypoint_offset": [
      0.005161031311065115,
      0.026157467166833995,
      -0.019930759718818858
    ]
  },
  "421": {
    "geom_id": 123,
    "geom_name": "dark_cube_g0_vis",
    "body_id": 24,
    "body_name": "dark_cube_main",
    "initial_keypoint": [
      0.03605978039412522,
      0.023423188987357086,
      0.8542349744037544
    ],
    "initial_pos": [
      0.05621199270374036,
      0.03896805673560122,
      0.831754446041886
    ],
    "initial_rot": [
      [
        -0.9949238821433891,
        -0.10063035695419072,
        0.0
      ],
      [
        0.10063035695419072,
        -0.9949238821433891,
        0.0
      ],
      [
        0.0,
        0.0,
        1.0000000000000002
      ]
    ],
    "keypoint_offset": [
      -0.020152212309615142,
      -0.015544867748244134,
      0.022480528361868424
    ]
  },
  "422": {
    "geom_id": 123,
    "geom_name": "dark_cube_g0_vis",
    "body_id": 24,
    "body_name": "dark_cube_main",
    "initial_keypoint": [
      0.06706121744863486,
      0.022666086855695187,
      0.8542104190445781
    ],
    "initial_pos": [
      0.05621199270374036,
      0.03896805673560122,
      0.831754446041886
    ],
    "initial_rot": [
      [
        -0.9949238821433891,
        -0.10063035695419072,
        0.0
      ],
      [
        0.10063035695419072,
        -0.9949238821433891,
        0.0
      ],
      [
        0.0,
        0.0,
        1.0000000000000002
      ]
    ],
    "keypoint_offset": [
      0.010849224744894498,
      -0.016301969879906033,
      0.022455973002692087
    ]
  },
  "423": {
    "geom_id": 123,
    "geom_name": "dark_cube_g0_vis",
    "body_id": 24,
    "body_name": "dark_cube_main",
    "initial_keypoint": [
      0.07591419699334412,
      0.023054931198891866,
      0.8293806055645768
    ],
    "initial_pos": [
      0.05621199270374036,
      0.03896805673560122,
      0.831754446041886
    ],
    "initial_rot": [
      [
        -0.9949238821433891,
        -0.10063035695419072,
        0.0
      ],
      [
        0.10063035695419072,
        -0.9949238821433891,
        0.0
      ],
      [
        0.0,
        0.0,
        1.0000000000000002
      ]
    ],
    "keypoint_offset": [
      0.01970220428960376,
      -0.015913125536709354,
      -0.0023738404773091526
    ]
  },
  "432": {
    "geom_id": 75,
    "geom_name": "gripper0_right_wiping_surface_vis",
    "body_id": 14,
    "body_name": "gripper0_right_wiping_gripper",
    "initial_keypoint": [
      -0.08088533420224875,
      0.04007930215155256,
      1.110311196238824
    ],
    "initial_pos": [
      -0.10667780306036784,
      -0.017341162019978523,
      1.098249284434021
    ],
    "initial_rot": [
      [
        0.05100885036644368,
        0.9854797065242603,
        0.16195013187135618
      ],
      [
        0.9986947295797696,
        -0.049905959718157554,
        -0.01087346744137084
      ],
      [
        -0.002633304745501025,
        0.16229338622835354,
        -0.986739034645255
      ]
    ],
    "keypoint_offset": [
      0.02579246885811909,
      0.057420464171531085,
      0.012061911804802872
    ]
  },
  "445": {
    "geom_id": 123,
    "geom_name": "dark_cube_g0_vis",
    "body_id": 24,
    "body_name": "dark_cube_main",
    "initial_keypoint": [
      0.03605978039412522,
      0.04684637797471417,
      0.8542349744037544
    ],
    "initial_pos": [
      0.05621199270374036,
      0.03896805673560122,
      0.831754446041886
    ],
    "initial_rot": [
      [
        -0.9949238821433891,
        -0.10063035695419072,
        0.0
      ],
      [
        0.10063035695419072,
        -0.9949238821433891,
        0.0
      ],
      [
        0.0,
        0.0,
        1.0000000000000002
      ]
    ],
    "keypoint_offset": [
      -0.020152212309615142,
      0.007878321239112952,
      0.022480528361868424
    ]
  },
  "446": {
    "geom_id": 123,
    "geom_name": "dark_cube_g0_vis",
    "body_id": 24,
    "body_name": "dark_cube_main",
    "initial_keypoint": [
      0.0670628286765304,
      0.04533200500286669,
      0.8542122641784291
    ],
    "initial_pos": [
      0.05621199270374036,
      0.03896805673560122,
      0.831754446041886
    ],
    "initial_rot": [
      [
        -0.9949238821433891,
        -0.10063035695419072,
        0.0
      ],
      [
        0.10063035695419072,
        -0.9949238821433891,
        0.0
      ],
      [
        0.0,
        0.0,
        1.0000000000000002
      ]
    ],
    "keypoint_offset": [
      0.010850835972790046,
      0.006363948267265468,
      0.02245781813654313
    ]
  },
  "447": {
    "geom_id": 123,
    "geom_name": "dark_cube_g0_vis",
    "body_id": 24,
    "body_name": "dark_cube_main",
    "initial_keypoint": [
      0.0782216687509169,
      0.04585897636369788,
      0.8322133213513053
    ],
    "initial_pos": [
      0.05621199270374036,
      0.03896805673560122,
      0.831754446041886
    ],
    "initial_rot": [
      [
        -0.9949238821433891,
        -0.10063035695419072,
        0.0
      ],
      [
        0.10063035695419072,
        -0.9949238821433891,
        0.0
      ],
      [
        0.0,
        0.0,
        1.0000000000000002
      ]
    ],
    "keypoint_offset": [
      0.022009676047176546,
      0.00689091962809666,
      0.00045887530941934873
    ]
  }
}