{
  "275": {
    "geom_id": 117,
    "geom_name": "blue_cube_g0_vis",
    "body_id": 21,
    "body_name": "blue_cube_main",
    "initial_keypoint": [
      -0.03624848055916974,
      -0.12635942322678562,
      0.8508945312126626
    ],
    "initial_pos": [
      -0.03287855939685397,
      -0.10944347670623694,
      0.8300570092534275
    ],
    "initial_rot": [
      [
        0.7001678284718252,
        -0.7139782993712404,
        0.0
      ],
      [
        0.7139782993712404,
        0.7001678284718252,
        0.0
      ],
      [
        0.0,
        0.0,
        0.9999999999999999
      ]
    ],
    "keypoint_offset": [
      -0.00336992116231577,
      -0.016915946520548675,
      0.02083752195923505
    ]
  },
  "276": {
    "geom_id": 117,
    "geom_name": "blue_cube_g0_vis",
    "body_id": 21,
    "body_name": "blue_cube_main",
    "initial_keypoint": [
      -0.020631962977278984,
      -0.1269027778312033,
      0.8307772734747824
    ],
    "initial_pos": [
      -0.03287855939685397,
      -0.10944347670623694,
      0.8300570092534275
    ],
    "initial_rot": [
      [
        0.7001678284718252,
        -0.7139782993712404,
        0.0
      ],
      [
        0.7139782993712404,
        0.7001678284718252,
        0.0
      ],
      [
        0.0,
        0.0,
        0.9999999999999999
      ]
    ],
    "keypoint_offset": [
      0.012246596419574984,
      -0.017459301124966353,
      0.0007202642213548494
    ]
  },
  "299": {
    "geom_id": 117,
    "geom_name": "blue_cube_g0_vis",
    "body_id": 21,
    "body_name": "blue_cube_main",
    "initial_keypoint": [
      -0.03624625406381754,
      -0.1010871188675403,
      0.8508966034908074
    ],
    "initial_pos": [
      -0.03287855939685397,
      -0.10944347670623694,
      0.8300570092534275
    ],
    "initial_rot": [
      [
        0.7001678284718252,
        -0.7139782993712404,
        0.0
      ],
      [
        0.7139782993712404,
        0.7001678284718252,
        0.0
      ],
      [
        0.0,
        0.0,
        0.9999999999999999
      ]
    ],
    "keypoint_offset": [
      -0.003367694666963572,
      0.008356357838696649,
      0.02083959423737991
    ]
  },
  "300": {
    "geom_id": 117,
    "geom_name": "blue_cube_g0_vis",
    "body_id": 21,
    "body_name": "blue_cube_main",
    "initial_keypoint": [
      -0.014521551641855535,
      -0.10033070391449926,
      0.836871145267874
    ],
    "initial_pos": [
      -0.03287855939685397,
      -0.10944347670623694,
      0.8300570092534275
    ],
    "initial_rot": [
      [
        0.7001678284718252,
        -0.7139782993712404,
        0.0
      ],
      [
        0.7139782993712404,
        0.7001678284718252,
        0.0
      ],
      [
        0.0,
        0.0,
        0.9999999999999999
      ]
    ],
    "keypoint_offset": [
      0.018357007754998433,
      0.00911277279173768,
      0.00681413601444647
    ]
  },
  "312": {
    "geom_id": 75,
    "geom_name": "gripper0_right_wiping_surface_vis",
    "body_id": 14,
    "body_name": "gripper0_right_wiping_gripper",
    "initial_keypoint": [
      -0.09303199460000056,
      -0.06137607656187397,
      1.1052991597334976
    ],
    "initial_pos": [
      -0.11723549225217364,
      -0.002321929158636668,
      1.087853882679232
    ],
    "initial_rot": [
      [
        -0.020674541197333356,
        0.9957454892846116,
        0.08979690370847995
      ],
      [
        0.9997704394985607,
        0.021095908388243052,
        -0.0037457915225821425
      ],
      [
        -0.0056242022665936794,
        0.08969884736508665,
        -0.9959530536778529
      ]
    ],
    "keypoint_offset": [
      0.024203497652173084,
      -0.059054147403237306,
      0.017445277054265462
    ]
  },
  "336": {
    "geom_id": 75,
    "geom_name": "gripper0_right_wiping_surface_vis",
    "body_id": 14,
    "body_name": "gripper0_right_wiping_gripper",
    "initial_keypoint": [
      -0.09344892420206219,
      -0.040946151235291744,
      1.1051271234439122
    ],
    "initial_pos": [
      -0.11723549225217364,
      -0.002321929158636668,
      1.087853882679232
    ],
    "initial_rot": [
      [
        -0.020674541197333356,
        0.9957454892846116,
        0.08979690370847995
      ],
      [
        0.9997704394985607,
        0.021095908388243052,
        -0.0037457915225821425
      ],
      [
        -0.0056242022665936794,
        0.08969884736508665,
        -0.9959530536778529
      ]
    ],
    "keypoint_offset": [
      0.02378656805011145,
      -0.03862422207665508,
      0.017273240764680065
    ]
  },
  "337": {
    "geom_id": 75,
    "geom_name": "gripper0_right_wiping_surface_vis",
    "body_id": 14,
    "body_name": "gripper0_right_wiping_gripper",
    "initial_keypoint": [
      -0.0916282198709959,
      -0.041839787940718264,
      1.084970218352137
    ],
    "initial_pos": [
      -0.11723549225217364,
      -0.002321929158636668,
      1.087853882679232
    ],
    "initial_rot": [
      [
        -0.020674541197333356,
        0.9957454892846116,
        0.08979690370847995
      ],
      [
        0.9997704394985607,
        0.021095908388243052,
        -0.0037457915225821425
      ],
      [
        -0.0056242022665936794,
        0.08969884736508665,
        -0.9959530536778529
      ]
    ],
    "keypoint_offset": [
      0.025607272381177743,
      -0.0395178587820816,
      -0.0028836643270950812
    ]
  },
  "360": {
    "geom_id": 75,
    "geom_name": "gripper0_right_wiping_surface_vis",
    "body_id": 14,
    "body_name": "gripper0_right_wiping_gripper",
    "initial_keypoint": [
      -0.09386847787828911,
      -0.020487549574525324,
      1.1049540043912396
    ],
    "initial_pos": [
      -0.11723549225217364,
      -0.002321929158636668,
      1.087853882679232
    ],
    "initial_rot": [
      [
        -0.020674541197333356,
        0.9957454892846116,
        0.08979690370847995
      ],
      [
        0.9997704394985607,
        0.021095908388243052,
        -0.0037457915225821425
      ],
      [
        -0.0056242022665936794,
        0.08969884736508665,
        -0.9959530536778529
      ]
    ],
    "keypoint_offset": [
      0.023367014373884526,
      -0.018165620415888657,
      0.017100121712007477
    ]
  },
  "361": {
    "geom_id": 75,
    "geom_name": "gripper0_right_wiping_surface_vis",
    "body_id": 14,
    "body_name": "gripper0_right_wiping_gripper",
    "initial_keypoint": [
      -0.09205355372536728,
      -0.02093493371801923,
      1.0847796829199767
    ],
    "initial_pos": [
      -0.11723549225217364,
      -0.002321929158636668,
      1.087853882679232
    ],
    "initial_rot": [
      [
        -0.020674541197333356,
        0.9957454892846116,
        0.08979690370847995
      ],
      [
        0.9997704394985607,
        0.021095908388243052,
        -0.0037457915225821425
      ],
      [
        -0.0056242022665936794,
        0.08969884736508665,
        -0.9959530536778529
      ]
    ],
    "keypoint_offset": [
      0.025181938526806363,
      -0.018613004559382564,
      -0.0030741997592553805
    ]
  },
  "385": {
    "geom_id": 75,
    "geom_name": "gripper0_right_wiping_surface_vis",
    "body_id": 14,
    "body_name": "gripper0_right_wiping_gripper",
    "initial_keypoint": [
      -0.0924815059139994,
      0.0,
      1.0845879745610791
    ],
    "initial_pos": [
      -0.11723549225217364,
      -0.002321929158636668,
      1.087853882679232
    ],
    "initial_rot": [
      [
        -0.020674541197333356,
        0.9957454892846116,
        0.08979690370847995
      ],
      [
        0.9997704394985607,
        0.021095908388243052,
        -0.0037457915225821425
      ],
      [
        -0.0056242022665936794,
        0.08969884736508665,
        -0.9959530536778529
      ]
    ],
    "keypoint_offset": [
      0.024753986338174244,
      0.002321929158636668,
      -0.0032659081181529714
    ]
  },
  "408": {
    "geom_id": 75,
    "geom_name": "gripper0_right_wiping_surface_vis",
    "body_id": 14,
    "body_name": "gripper0_right_wiping_gripper",
    "initial_keypoint": [
      -0.09470728704049702,
      0.020516487201179122,
      1.1046078893271545
    ],
    "initial_pos": [
      -0.11723549225217364,
      -0.002321929158636668,
      1.087853882679232
    ],
    "initial_rot": [
      [
        -0.020674541197333356,
        0.9957454892846116,
        0.08979690370847995
      ],
      [
        0.9997704394985607,
        0.021095908388243052,
        -0.0037457915225821425
      ],
      [
        -0.0056242022665936794,
        0.08969884736508665,
        -0.9959530536778529
      ]
    ],
    "keypoint_offset": [
      0.022528205211676616,
      0.02283841635981579,
      0.01675400664792237
    ]
  },
  "409": {
    "geom_id": 75,
    "geom_name": "gripper0_right_wiping_surface_vis",
    "body_id": 14,
    "body_name": "gripper0_right_wiping_gripper",
    "initial_keypoint": [
      -0.09290806165769239,
      0.02096514900312678,
      1.0843968917631082
    ],
    "initial_pos": [
      -0.11723549225217364,
      -0.002321929158636668,
      1.087853882679232
    ],
    "initial_rot": [
      [
        -0.020674541197333356,
        0.9957454892846116,
        0.08979690370847995
      ],
      [
        0.9997704394985607,
        0.021095908388243052,
        -0.0037457915225821425
      ],
      [
        -0.0056242022665936794,
        0.08969884736508665,
        -0.9959530536778529
      ]
    ],
    "keypoint_offset": [
      0.024327430594481253,
      0.023287078161763446,
      -0.0034569909161239476
    ]
  },
  "417": {
    "geom_id": 119,
    "geom_name": "red_cube_g0_vis",
    "body_id": 22,
    "body_name": "red_cube_main",
    "initial_keypoint": [
      -0.11368388984948852,
      0.027116397566422413,
      0.8528667538930017
    ],
    "initial_pos": [
      -0.1247973177049374,
      0.0299914860714319,
      0.831014884649992
    ],
    "initial_rot": [
      [
        -0.9849338819474697,
        -0.17293133953071643,
        0.0
      ],
      [
        0.17293133953071643,
        -0.9849338819474697,
        0.0
      ],
      [
        0.0,
        0.0,
        1.0
      ]
    ],
    "keypoint_offset": [
      0.011113427855448887,
      -0.002875088505009487,
      0.021851869243009747
    ]
  },
  "418": {
    "geom_id": 119,
    "geom_name": "red_cube_g0_vis",
    "body_id": 22,
    "body_name": "red_cube_main",
    "initial_keypoint": [
      -0.10410426548208762,
      0.027552813598455857,
      0.8253566377595737
    ],
    "initial_pos": [
      -0.1247973177049374,
      0.0299914860714319,
      0.831014884649992
    ],
    "initial_rot": [
      [
        -0.9849338819474697,
        -0.17293133953071643,
        0.0
      ],
      [
        0.17293133953071643,
        -0.9849338819474697,
        0.0
      ],
      [
        0.0,
        0.0,
        1.0
      ]
    ],
    "keypoint_offset": [
      0.020693052222849784,
      -0.002438672472976043,
      -0.0056582468904182726
    ]
  },
  "432": {
    "geom_id": 75,
    "geom_name": "gripper0_right_wiping_surface_vis",
    "body_id": 14,
    "body_name": "gripper0_right_wiping_gripper",
    "initial_keypoint": [
      -0.09512654252647801,
      0.04106190174190694,
      1.1044348933157417
    ],
    "initial_pos": [
      -0.11723549225217364,
      -0.002321929158636668,
      1.087853882679232
    ],
    "initial_rot": [
      [
        -0.020674541197333356,
        0.9957454892846116,
        0.08979690370847995
      ],
      [
        0.9997704394985607,
        0.021095908388243052,
        -0.0037457915225821425
      ],
      [
        -0.0056242022665936794,
        0.08969884736508665,
        -0.9959530536778529
      ]
    ],
    "keypoint_offset": [
      0.02210894972569563,
      0.0433838309005436,
      0.01658101063650963
    ]
  },
  "433": {
    "geom_id": 75,
    "geom_name": "gripper0_right_wiping_surface_vis",
    "body_id": 14,
    "body_name": "gripper0_right_wiping_gripper",
    "initial_keypoint": [
      -0.09333525743864923,
      0.04196050917651906,
      1.0842055222497125
    ],
    "initial_pos": [
      -0.11723549225217364,
      -0.002321929158636668,
      1.087853882679232
    ],
    "initial_rot": [
      [
        -0.020674541197333356,
        0.9957454892846116,
        0.08979690370847995
      ],
      [
        0.9997704394985607,
        0.021095908388243052,
        -0.0037457915225821425
      ],
      [
        -0.0056242022665936794,
        0.08969884736508665,
        -0.9959530536778529
      ]
    ],
    "keypoint_offset": [
      0.023900234813524407,
      0.04428243833515573,
      -0.0036483604295196592
    ]
  },
  "493": {
    "geom_id": 121,
    "geom_name": "dark_cube_g0_vis",
    "body_id": 23,
    "body_name": "dark_cube_main",
    "initial_keypoint": [
      0.009211172697658976,
      0.09911483392883684,
      0.8255446386247833
    ],
    "initial_pos": [
      0.010778832323718401,
      0.12501219359023366,
      0.8307739759740197
    ],
    "initial_rot": [
      [
        -0.8677876045791635,
        0.4969352808351982,
        0.0
      ],
      [
        -0.4969352808351982,
        -0.8677876045791635,
        0.0
      ],
      [
        0.0,
        0.0,
        1.0
      ]
    ],
    "keypoint_offset": [
      -0.0015676596260594255,
      -0.02589735966139682,
      -0.005229337349236363
    ]
  },
  "516": {
    "geom_id": 121,
    "geom_name": "dark_cube_g0_vis",
    "body_id": 23,
    "body_name": "dark_cube_main",
    "initial_keypoint": [
      0.000949437742985948,
      0.12164236376590422,
      0.8523002580801249
    ],
    "initial_pos": [
      0.010778832323718401,
      0.12501219359023366,
      0.8307739759740197
    ],
    "initial_rot": [
      [
        -0.8677876045791635,
        0.4969352808351982,
        0.0
      ],
      [
        -0.4969352808351982,
        -0.8677876045791635,
        0.0
      ],
      [
        0.0,
        0.0,
        1.0
      ]
    ],
    "keypoint_offset": [
      -0.009829394580732453,
      -0.0033698298243294428,
      0.021526282106105188
    ]
  },
  "517": {
    "geom_id": 121,
    "geom_name": "dark_cube_g0_vis",
    "body_id": 23,
    "body_name": "dark_cube_main",
    "initial_keypoint": [
      0.03422732636511838,
      0.117578525191937,
      0.8522768199256489
    ],
    "initial_pos": [
      0.010778832323718401,
      0.12501219359023366,
      0.8307739759740197
    ],
    "initial_rot": [
      [
        -0.8677876045791635,
        0.4969352808351982,
        0.0
      ],
      [
        -0.4969352808351982,
        -0.8677876045791635,
        0.0
      ],
      [
        0.0,
        0.0,
        1.0
      ]
    ],
    "keypoint_offset": [
      0.02344849404139998,
      -0.007433668398296664,
      0.021502843951629158
    ]
  },
  "518": {
    "geom_id": 121,
    "geom_name": "dark_cube_g0_vis",
    "body_id": 23,
    "body_name": "dark_cube_main",
    "initial_keypoint": [
      0.03556037595044548,
      0.12157641313509103,
      0.8181365221437441
    ],
    "initial_pos": [
      0.010778832323718401,
      0.12501219359023366,
      0.8307739759740197
    ],
    "initial_rot": [
      [
        -0.8677876045791635,
        0.4969352808351982,
        0.0
      ],
      [
        -0.4969352808351982,
        -0.8677876045791635,
        0.0
      ],
      [
        0.0,
        0.0,
        1.0
      ]
    ],
    "keypoint_offset": [
      0.024781543626727076,
      -0.0034357804551426313,
      -0.012637453830275591
    ]
  },
  "541": {
    "geom_id": 121,
    "geom_name": "dark_cube_g0_vis",
    "body_id": 23,
    "body_name": "dark_cube_main",
    "initial_keypoint": [
      0.022327765104767916,
      0.14469890592545517,
      0.8395609870585753
    ],
    "initial_pos": [
      0.010778832323718401,
      0.12501219359023366,
      0.8307739759740197
    ],
    "initial_rot": [
      [
        -0.8677876045791635,
        0.4969352808351982,
        0.0
      ],
      [
        -0.4969352808351982,
        -0.8677876045791635,
        0.0
      ],
      [
        0.0,
        0.0,
        1.0
      ]
    ],
    "keypoint_offset": [
      0.011548932781049515,
      0.019686712335221512,
      0.008787011084555596
    ]
  }
}