{
  "251": {
    "geom_id": 121,
    "geom_name": "dark_cube_g0_vis",
    "body_id": 23,
    "body_name": "dark_cube_main",
    "initial_keypoint": [
      -0.04188513731212706,
      -0.1532251466734873,
      0.8456482949750427
    ],
    "initial_pos": [
      -0.03279574392649286,
      -0.1246271122189543,
      0.8312893630026698
    ],
    "initial_rot": [
      [
        0.4372578176550939,
        0.8993362001495906,
        0.0
      ],
      [
        -0.8993362001495906,
        0.4372578176550939,
        0.0
      ],
      [
        0.0,
        0.0,
        1.0
      ]
    ],
    "keypoint_offset": [
      -0.009089393385634206,
      -0.028598034454533003,
      0.014358931972372924
    ]
  },
  "273": {
    "geom_id": 117,
    "geom_name": "blue_cube_g0_vis",
    "body_id": 21,
    "body_name": "blue_cube_main",
    "initial_keypoint": [
      -0.11145759902372676,
      -0.13509013047583832,
      0.8546702282929253
    ],
    "initial_pos": [
      -0.10402324381282019,
      -0.11776219273324379,
      0.8319166082776507
    ],
    "initial_rot": [
      [
        -0.9952128950594217,
        0.09773071936420265,
        0.0
      ],
      [
        -0.09773071936420265,
        -0.9952128950594217,
        0.0
      ],
      [
        0.0,
        0.0,
        1.0
      ]
    ],
    "keypoint_offset": [
      -0.007434355210906574,
      -0.01732793774259453,
      0.02275362001527459
    ]
  },
  "274": {
    "geom_id": 117,
    "geom_name": "blue_cube_g0_vis",
    "body_id": 21,
    "body_name": "blue_cube_main",
    "initial_keypoint": [
      -0.08295827635448305,
      -0.13294179202040785,
      0.8437211875032387
    ],
    "initial_pos": [
      -0.10402324381282019,
      -0.11776219273324379,
      0.8319166082776507
    ],
    "initial_rot": [
      [
        -0.9952128950594217,
        0.09773071936420265,
        0.0
      ],
      [
        -0.09773071936420265,
        -0.9952128950594217,
        0.0
      ],
      [
        0.0,
        0.0,
        1.0
      ]
    ],
    "keypoint_offset": [
      0.021064967458337136,
      -0.015179599287164058,
      0.011804579225587974
    ]
  },
  "275": {
    "geom_id": 121,
    "geom_name": "dark_cube_g0_vis",
    "body_id": 23,
    "body_name": "dark_cube_main",
    "initial_keypoint": [
      -0.03360161415319152,
      -0.12573572633151608,
      0.8533580635978649
    ],
    "initial_pos": [
      -0.03279574392649286,
      -0.1246271122189543,
      0.8312893630026698
    ],
    "initial_rot": [
      [
        0.4372578176550939,
        0.8993362001495906,
        0.0
      ],
      [
        -0.8993362001495906,
        0.4372578176550939,
        0.0
      ],
      [
        0.0,
        0.0,
        1.0
      ]
    ],
    "keypoint_offset": [
      -0.00080587022669866,
      -0.001108614112561787,
      0.022068700595195168
    ]
  },
  "276": {
    "geom_id": 121,
    "geom_name": "dark_cube_g0_vis",
    "body_id": 23,
    "body_name": "dark_cube_main",
    "initial_keypoint": [
      -0.01041464518556312,
      -0.12441233140847857,
      0.8409669352297999
    ],
    "initial_pos": [
      -0.03279574392649286,
      -0.1246271122189543,
      0.8312893630026698
    ],
    "initial_rot": [
      [
        0.4372578176550939,
        0.8993362001495906,
        0.0
      ],
      [
        -0.8993362001495906,
        0.4372578176550939,
        0.0
      ],
      [
        0.0,
        0.0,
        1.0
      ]
    ],
    "keypoint_offset": [
      0.022381098740929736,
      0.00021478081047572595,
      0.009677572227130171
    ]
  },
  "297": {
    "geom_id": 117,
    "geom_name": "blue_cube_g0_vis",
    "body_id": 21,
    "body_name": "blue_cube_main",
    "initial_keypoint": [
      -0.11145759902372676,
      -0.10807210438067065,
      0.8546702282929253
    ],
    "initial_pos": [
      -0.10402324381282019,
      -0.11776219273324379,
      0.8319166082776507
    ],
    "initial_rot": [
      [
        -0.9952128950594217,
        0.09773071936420265,
        0.0
      ],
      [
        -0.09773071936420265,
        -0.9952128950594217,
        0.0
      ],
      [
        0.0,
        0.0,
        1.0
      ]
    ],
    "keypoint_offset": [
      -0.007434355210906574,
      0.009690088352573137,
      0.02275362001527459
    ]
  },
  "298": {
    "geom_id": 117,
    "geom_name": "blue_cube_g0_vis",
    "body_id": 21,
    "body_name": "blue_cube_main",
    "initial_keypoint": [
      -0.0855275395880839,
      -0.1068221635029082,
      0.8414898725161123
    ],
    "initial_pos": [
      -0.10402324381282019,
      -0.11776219273324379,
      0.8319166082776507
    ],
    "initial_rot": [
      [
        -0.9952128950594217,
        0.09773071936420265,
        0.0
      ],
      [
        -0.09773071936420265,
        -0.9952128950594217,
        0.0
      ],
      [
        0.0,
        0.0,
        1.0
      ]
    ],
    "keypoint_offset": [
      0.018495704224736287,
      0.010940029230335588,
      0.00957326423846161
    ]
  },
  "300": {
    "geom_id": 121,
    "geom_name": "dark_cube_g0_vis",
    "body_id": 23,
    "body_name": "dark_cube_main",
    "initial_keypoint": [
      -0.02148503097782406,
      -0.10168856886931478,
      0.8299265145420779
    ],
    "initial_pos": [
      -0.03279574392649286,
      -0.1246271122189543,
      0.8312893630026698
    ],
    "initial_rot": [
      [
        0.4372578176550939,
        0.8993362001495906,
        0.0
      ],
      [
        -0.8993362001495906,
        0.4372578176550939,
        0.0
      ],
      [
        0.0,
        0.0,
        1.0
      ]
    ],
    "keypoint_offset": [
      0.011310712948668797,
      0.022938543349639517,
      -0.00136284846059187
    ]
  },
  "302": {
    "geom_id": 123,
    "geom_name": "green_cube_g0_vis",
    "body_id": 24,
    "body_name": "green_cube_main",
    "initial_keypoint": [
      0.06413161215211316,
      -0.09127785391173555,
      0.8508555156705544
    ],
    "initial_pos": [
      0.0659685551971903,
      -0.07255509178988413,
      0.8300739598909922
    ],
    "initial_rot": [
      [
        0.8913927477617323,
        -0.45323169487337145,
        0.0
      ],
      [
        0.45323169487337145,
        0.8913927477617323,
        0.0
      ],
      [
        0.0,
        0.0,
        1.0
      ]
    ],
    "keypoint_offset": [
      -0.001836943045077144,
      -0.018722762121851422,
      0.0207815557795622
    ]
  },
  "303": {
    "geom_id": 123,
    "geom_name": "green_cube_g0_vis",
    "body_id": 24,
    "body_name": "green_cube_main",
    "initial_keypoint": [
      0.07017418548834892,
      -0.09346792098030449,
      0.822334009586602
    ],
    "initial_pos": [
      0.0659685551971903,
      -0.07255509178988413,
      0.8300739598909922
    ],
    "initial_rot": [
      [
        0.8913927477617323,
        -0.45323169487337145,
        0.0
      ],
      [
        0.45323169487337145,
        0.8913927477617323,
        0.0
      ],
      [
        0.0,
        0.0,
        1.0
      ]
    ],
    "keypoint_offset": [
      0.004205630291158613,
      -0.020912829190420354,
      -0.007739950304390231
    ]
  },
  "312": {
    "geom_id": 75,
    "geom_name": "gripper0_right_wiping_surface_vis",
    "body_id": 14,
    "body_name": "gripper0_right_wiping_gripper",
    "initial_keypoint": [
      -0.10178244700910999,
      -0.0622817080318502,
      1.1016884893536214
    ],
    "initial_pos": [
      -0.11592333661407789,
      -0.004704037024038162,
      1.0838995219019238
    ],
    "initial_rot": [
      [
        0.01893513578326304,
        0.9936258797443862,
        0.11112637731457235
      ],
      [
        0.9998089064019073,
        -0.018277419371820553,
        -0.006934451710525216
      ],
      [
        -0.004859147279965975,
        0.11123644656000975,
        -0.9937820896174424
      ]
    ],
    "keypoint_offset": [
      0.014140889604967899,
      -0.05757767100781204,
      0.017788967451697557
    ]
  },
  "313": {
    "geom_id": 75,
    "geom_name": "gripper0_right_wiping_surface_vis",
    "body_id": 14,
    "body_name": "gripper0_right_wiping_gripper",
    "initial_keypoint": [
      -0.09247749113479942,
      -0.06284977226272451,
      1.0845897730487426
    ],
    "initial_pos": [
      -0.11592333661407789,
      -0.004704037024038162,
      1.0838995219019238
    ],
    "initial_rot": [
      [
        0.01893513578326304,
        0.9936258797443862,
        0.11112637731457235
      ],
      [
        0.9998089064019073,
        -0.018277419371820553,
        -0.006934451710525216
      ],
      [
        -0.004859147279965975,
        0.11123644656000975,
        -0.9937820896174424
      ]
    ],
    "keypoint_offset": [
      0.02344584547927847,
      -0.058145735238686345,
      0.0006902511468187544
    ]
  },
  "326": {
    "geom_id": 123,
    "geom_name": "green_cube_g0_vis",
    "body_id": 24,
    "body_name": "green_cube_main",
    "initial_keypoint": [
      0.06413161215211316,
      -0.06845839043380167,
      0.8508555156705544
    ],
    "initial_pos": [
      0.0659685551971903,
      -0.07255509178988413,
      0.8300739598909922
    ],
    "initial_rot": [
      [
        0.8913927477617323,
        -0.45323169487337145,
        0.0
      ],
      [
        0.45323169487337145,
        0.8913927477617323,
        0.0
      ],
      [
        0.0,
        0.0,
        1.0
      ]
    ],
    "keypoint_offset": [
      -0.001836943045077144,
      0.004096701356082463,
      0.0207815557795622
    ]
  },
  "327": {
    "geom_id": 123,
    "geom_name": "green_cube_g0_vis",
    "body_id": 24,
    "body_name": "green_cube_main",
    "initial_keypoint": [
      0.0862067827976859,
      -0.06748616024539078,
      0.8420160669514957
    ],
    "initial_pos": [
      0.0659685551971903,
      -0.07255509178988413,
      0.8300739598909922
    ],
    "initial_rot": [
      [
        0.8913927477617323,
        -0.45323169487337145,
        0.0
      ],
      [
        0.45323169487337145,
        0.8913927477617323,
        0.0
      ],
      [
        0.0,
        0.0,
        1.0
      ]
    ],
    "keypoint_offset": [
      0.020238227600495595,
      0.005068931544493352,
      0.01194210706050347
    ]
  },
  "329": {
    "geom_id": 125,
    "geom_name": "red_cube_g0_vis",
    "body_id": 25,
    "body_name": "red_cube_main",
    "initial_keypoint": [
      0.14729151282904956,
      -0.062307600675393614,
      0.8515844188830005
    ],
    "initial_pos": [
      0.14617966287912496,
      -0.051393379828012856,
      0.8304710609341587
    ],
    "initial_rot": [
      [
        0.9987140393535305,
        0.05069780664047044,
        0.0
      ],
      [
        -0.05069780664047044,
        0.9987140393535305,
        0.0
      ],
      [
        0.0,
        0.0,
        1.0
      ]
    ],
    "keypoint_offset": [
      0.0011118499499246093,
      -0.010914220847380758,
      0.021113357948841838
    ]
  },
  "330": {
    "geom_id": 125,
    "geom_name": "red_cube_g0_vis",
    "body_id": 25,
    "body_name": "red_cube_main",
    "initial_keypoint": [
      0.16674739942878763,
      -0.06142475720064081,
      0.8441489642131399
    ],
    "initial_pos": [
      0.14617966287912496,
      -0.051393379828012856,
      0.8304710609341587
    ],
    "initial_rot": [
      [
        0.9987140393535305,
        0.05069780664047044,
        0.0
      ],
      [
        -0.05069780664047044,
        0.9987140393535305,
        0.0
      ],
      [
        0.0,
        0.0,
        1.0
      ]
    ],
    "keypoint_offset": [
      0.02056773654966268,
      -0.010031377372627957,
      0.013677903278981218
    ]
  },
  "336": {
    "geom_id": 75,
    "geom_name": "gripper0_right_wiping_surface_vis",
    "body_id": 14,
    "body_name": "gripper0_right_wiping_gripper",
    "initial_keypoint": [
      -0.10226271221943772,
      -0.041554275510856845,
      1.1014903191004342
    ],
    "initial_pos": [
      -0.11592333661407789,
      -0.004704037024038162,
      1.0838995219019238
    ],
    "initial_rot": [
      [
        0.01893513578326304,
        0.9936258797443862,
        0.11112637731457235
      ],
      [
        0.9998089064019073,
        -0.018277419371820553,
        -0.006934451710525216
      ],
      [
        -0.004859147279965975,
        0.11123644656000975,
        -0.9937820896174424
      ]
    ],
    "keypoint_offset": [
      0.013660624394640164,
      -0.03685023848681868,
      0.01759079719851031
    ]
  },
  "337": {
    "geom_id": 75,
    "geom_name": "gripper0_right_wiping_surface_vis",
    "body_id": 14,
    "body_name": "gripper0_right_wiping_gripper",
    "initial_keypoint": [
      -0.09211005156019547,
      -0.04187386294766034,
      1.0847543737674967
    ],
    "initial_pos": [
      -0.11592333661407789,
      -0.004704037024038162,
      1.0838995219019238
    ],
    "initial_rot": [
      [
        0.01893513578326304,
        0.9936258797443862,
        0.11112637731457235
      ],
      [
        0.9998089064019073,
        -0.018277419371820553,
        -0.006934451710525216
      ],
      [
        -0.004859147279965975,
        0.11123644656000975,
        -0.9937820896174424
      ]
    ],
    "keypoint_offset": [
      0.023813285053882416,
      -0.037169825923622175,
      0.000854851865572881
    ]
  },
  "351": {
    "geom_id": 123,
    "geom_name": "green_cube_g0_vis",
    "body_id": 24,
    "body_name": "green_cube_main",
    "initial_keypoint": [
      0.07534855967578852,
      -0.046171362826929505,
      0.8286862136381128
    ],
    "initial_pos": [
      0.0659685551971903,
      -0.07255509178988413,
      0.8300739598909922
    ],
    "initial_rot": [
      [
        0.8913927477617323,
        -0.45323169487337145,
        0.0
      ],
      [
        0.45323169487337145,
        0.8913927477617323,
        0.0
      ],
      [
        0.0,
        0.0,
        1.0
      ]
    ],
    "keypoint_offset": [
      0.009380004478598214,
      0.026383728962954628,
      -0.0013877462528794071
    ]
  },
  "353": {
    "geom_id": 125,
    "geom_name": "red_cube_g0_vis",
    "body_id": 25,
    "body_name": "red_cube_main",
    "initial_keypoint": [
      0.14729151282904956,
      -0.04153840045026241,
      0.8515844188830005
    ],
    "initial_pos": [
      0.14617966287912496,
      -0.051393379828012856,
      0.8304710609341587
    ],
    "initial_rot": [
      [
        0.9987140393535305,
        0.05069780664047044,
        0.0
      ],
      [
        -0.05069780664047044,
        0.9987140393535305,
        0.0
      ],
      [
        0.0,
        0.0,
        1.0
      ]
    ],
    "keypoint_offset": [
      0.0011118499499246093,
      0.009854979377750449,
      0.021113357948841838
    ]
  },
  "354": {
    "geom_id": 125,
    "geom_name": "red_cube_g0_vis",
    "body_id": 25,
    "body_name": "red_cube_main",
    "initial_keypoint": [
      0.16779466772862905,
      -0.040821150563768234,
      0.8457386344912217
    ],
    "initial_pos": [
      0.14617966287912496,
      -0.051393379828012856,
      0.8304710609341587
    ],
    "initial_rot": [
      [
        0.9987140393535305,
        0.05069780664047044,
        0.0
      ],
      [
        -0.05069780664047044,
        0.9987140393535305,
        0.0
      ],
      [
        0.0,
        0.0,
        1.0
      ]
    ],
    "keypoint_offset": [
      0.0216150048495041,
      0.010572229264244622,
      0.015267573557062986
    ]
  },
  "361": {
    "geom_id": 75,
    "geom_name": "gripper0_right_wiping_surface_vis",
    "body_id": 14,
    "body_name": "gripper0_right_wiping_gripper",
    "initial_keypoint": [
      -0.0917430192820321,
      -0.020923953262032644,
      1.0849187920309808
    ],
    "initial_pos": [
      -0.11592333661407789,
      -0.004704037024038162,
      1.0838995219019238
    ],
    "initial_rot": [
      [
        0.01893513578326304,
        0.9936258797443862,
        0.11112637731457235
      ],
      [
        0.9998089064019073,
        -0.018277419371820553,
        -0.006934451710525216
      ],
      [
        -0.004859147279965975,
        0.11123644656000975,
        -0.9937820896174424
      ]
    ],
    "keypoint_offset": [
      0.024180317332045786,
      -0.016219916237994483,
      0.0010192701290570039
    ]
  },
  "385": {
    "geom_id": 75,
    "geom_name": "gripper0_right_wiping_surface_vis",
    "body_id": 14,
    "body_name": "gripper0_right_wiping_gripper",
    "initial_keypoint": [
      -0.09137453237372384,
      0.0,
      1.08508386192043
    ],
    "initial_pos": [
      -0.11592333661407789,
      -0.004704037024038162,
      1.0838995219019238
    ],
    "initial_rot": [
      [
        0.01893513578326304,
        0.9936258797443862,
        0.11112637731457235
      ],
      [
        0.9998089064019073,
        -0.018277419371820553,
        -0.006934451710525216
      ],
      [
        -0.004859147279965975,
        0.11123644656000975,
        -0.9937820896174424
      ]
    ],
    "keypoint_offset": [
      0.02454880424035405,
      0.004704037024038162,
      0.0011843400185060915
    ]
  },
  "409": {
    "geom_id": 75,
    "geom_name": "gripper0_right_wiping_surface_vis",
    "body_id": 14,
    "body_name": "gripper0_right_wiping_gripper",
    "initial_keypoint": [
      -0.09100843105885315,
      0.020897978321648414,
      1.0852478631432962
    ],
    "initial_pos": [
      -0.11592333661407789,
      -0.004704037024038162,
      1.0838995219019238
    ],
    "initial_rot": [
      [
        0.01893513578326304,
        0.9936258797443862,
        0.11112637731457235
      ],
      [
        0.9998089064019073,
        -0.018277419371820553,
        -0.006934451710525216
      ],
      [
        -0.004859147279965975,
        0.11123644656000975,
        -0.9937820896174424
      ]
    ],
    "keypoint_offset": [
      0.024914905555224742,
      0.025602015345686575,
      0.0013483412413723972
    ]
  },
  "432": {
    "geom_id": 75,
    "geom_name": "gripper0_right_wiping_surface_vis",
    "body_id": 14,
    "body_name": "gripper0_right_wiping_gripper",
    "initial_keypoint": [
      -0.1041852043739302,
      0.041686921558892656,
      1.100697047489638
    ],
    "initial_pos": [
      -0.11592333661407789,
      -0.004704037024038162,
      1.0838995219019238
    ],
    "initial_rot": [
      [
        0.01893513578326304,
        0.9936258797443862,
        0.11112637731457235
      ],
      [
        0.9998089064019073,
        -0.018277419371820553,
        -0.006934451710525216
      ],
      [
        -0.004859147279965975,
        0.11123644656000975,
        -0.9937820896174424
      ]
    ],
    "keypoint_offset": [
      0.011738132240147692,
      0.04639095858293082,
      0.01679752558771419
    ]
  },
  "433": {
    "geom_id": 75,
    "geom_name": "gripper0_right_wiping_surface_vis",
    "body_id": 14,
    "body_name": "gripper0_right_wiping_gripper",
    "initial_keypoint": [
      -0.0906427952256289,
      0.04177009897591077,
      1.0854116558458542
    ],
    "initial_pos": [
      -0.11592333661407789,
      -0.004704037024038162,
      1.0838995219019238
    ],
    "initial_rot": [
      [
        0.01893513578326304,
        0.9936258797443862,
        0.11112637731457235
      ],
      [
        0.9998089064019073,
        -0.018277419371820553,
        -0.006934451710525216
      ],
      [
        -0.004859147279965975,
        0.11123644656000975,
        -0.9937820896174424
      ]
    ],
    "keypoint_offset": [
      0.025280541388448985,
      0.04647413599994893,
      0.0015121339439303494
    ]
  },
  "495": {
    "geom_id": 119,
    "geom_name": "light_cube_g0_vis",
    "body_id": 22,
    "body_name": "light_cube_main",
    "initial_keypoint": [
      0.07382414704691526,
      0.0926742173286873,
      0.8268148027724648
    ],
    "initial_pos": [
      0.08607561932487562,
      0.11804836190856313,
      0.8305080961497325
    ],
    "initial_rot": [
      [
        -0.23023995535177438,
        -0.9731338874788058,
        0.0
      ],
      [
        0.9731338874788058,
        -0.23023995535177438,
        0.0
      ],
      [
        0.0,
        0.0,
        1.0
      ]
    ],
    "keypoint_offset": [
      -0.012251472277960362,
      -0.02537414457987583,
      -0.003693293377267759
    ]
  },
  "519": {
    "geom_id": 119,
    "geom_name": "light_cube_g0_vis",
    "body_id": 22,
    "body_name": "light_cube_main",
    "initial_keypoint": [
      0.09409497478034007,
      0.11033277185155918,
      0.8516998283603521
    ],
    "initial_pos": [
      0.08607561932487562,
      0.11804836190856313,
      0.8305080961497325
    ],
    "initial_rot": [
      [
        -0.23023995535177438,
        -0.9731338874788058,
        0.0
      ],
      [
        0.9731338874788058,
        -0.23023995535177438,
        0.0
      ],
      [
        0.0,
        0.0,
        1.0
      ]
    ],
    "keypoint_offset": [
      0.00801935545546445,
      -0.0077155900570039515,
      0.02119173221061954
    ]
  },
  "520": {
    "geom_id": 119,
    "geom_name": "light_cube_g0_vis",
    "body_id": 22,
    "body_name": "light_cube_main",
    "initial_keypoint": [
      0.1086526286013495,
      0.11062239500861962,
      0.834726235699311
    ],
    "initial_pos": [
      0.08607561932487562,
      0.11804836190856313,
      0.8305080961497325
    ],
    "initial_rot": [
      [
        -0.23023995535177438,
        -0.9731338874788058,
        0.0
      ],
      [
        0.9731338874788058,
        -0.23023995535177438,
        0.0
      ],
      [
        0.0,
        0.0,
        1.0
      ]
    ],
    "keypoint_offset": [
      0.02257700927647388,
      -0.007425966899943515,
      0.0042181395495785035
    ]
  },
  "543": {
    "geom_id": 119,
    "geom_name": "light_cube_g0_vis",
    "body_id": 22,
    "body_name": "light_cube_main",
    "initial_keypoint": [
      0.09409353665521852,
      0.1323997953138637,
      0.8516980628784034
    ],
    "initial_pos": [
      0.08607561932487562,
      0.11804836190856313,
      0.8305080961497325
    ],
    "initial_rot": [
      [
        -0.23023995535177438,
        -0.9731338874788058,
        0.0
      ],
      [
        0.9731338874788058,
        -0.23023995535177438,
        0.0
      ],
      [
        0.0,
        0.0,
        1.0
      ]
    ],
    "keypoint_offset": [
      0.008017917330342905,
      0.014351433405300568,
      0.021189966728670906
    ]
  },
  "544": {
    "geom_id": 119,
    "geom_name": "light_cube_g0_vis",
    "body_id": 22,
    "body_name": "light_cube_main",
    "initial_keypoint": [
      0.10294951499032601,
      0.13468139704363613,
      0.8272171401147822
    ],
    "initial_pos": [
      0.08607561932487562,
      0.11804836190856313,
      0.8305080961497325
    ],
    "initial_rot": [
      [
        -0.23023995535177438,
        -0.9731338874788058,
        0.0
      ],
      [
        0.9731338874788058,
        -0.23023995535177438,
        0.0
      ],
      [
        0.0,
        0.0,
        1.0
      ]
    ],
    "keypoint_offset": [
      0.01687389566545039,
      0.016633035135073,
      -0.003290956034950332
    ]
  }
}