{
  "336": {
    "geom_id": 75,
    "geom_name": "gripper0_right_wiping_surface_vis",
    "body_id": 14,
    "body_name": "gripper0_right_wiping_gripper",
    "initial_keypoint": [
      -0.08766653822628123,
      -0.04054718438067405,
      1.1075130903392956
    ],
    "initial_pos": [
      -0.11226834485319281,
      0.007071691061700473,
      1.0918027116463387
    ],
    "initial_rot": [
      [
        -0.04419496607349653,
        0.9885189106549344,
        0.14448933611634776
      ],
      [
        0.998997748149391,
        0.04475598778400687,
        -0.0006330481198737609
      ],
      [
        -0.007092542999992291,
        0.14431654387165127,
        -0.9895061551090694
      ]
    ],
    "keypoint_offset": [
      0.024601806626911582,
      -0.04761887544237452,
      0.015710378692956883
    ]
  },
  "337": {
    "geom_id": 75,
    "geom_name": "gripper0_right_wiping_surface_vis",
    "body_id": 14,
    "body_name": "gripper0_right_wiping_gripper",
    "initial_keypoint": [
      -0.0847967530436522,
      -0.041356668451518724,
      1.0880304884690364
    ],
    "initial_pos": [
      -0.11226834485319281,
      0.007071691061700473,
      1.0918027116463387
    ],
    "initial_rot": [
      [
        -0.04419496607349653,
        0.9885189106549344,
        0.14448933611634776
      ],
      [
        0.998997748149391,
        0.04475598778400687,
        -0.0006330481198737609
      ],
      [
        -0.007092542999992291,
        0.14431654387165127,
        -0.9895061551090694
      ]
    ],
    "keypoint_offset": [
      0.02747159180954062,
      -0.048428359513219194,
      -0.003772223177302303
    ]
  },
  "360": {
    "geom_id": 75,
    "geom_name": "gripper0_right_wiping_surface_vis",
    "body_id": 14,
    "body_name": "gripper0_right_wiping_gripper",
    "initial_keypoint": [
      -0.0885326616150296,
      -0.020303472115818226,
      1.107155704695804
    ],
    "initial_pos": [
      -0.11226834485319281,
      0.007071691061700473,
      1.0918027116463387
    ],
    "initial_rot": [
      [
        -0.04419496607349653,
        0.9885189106549344,
        0.14448933611634776
      ],
      [
        0.998997748149391,
        0.04475598778400687,
        -0.0006330481198737609
      ],
      [
        -0.007092542999992291,
        0.14431654387165127,
        -0.9895061551090694
      ]
    ],
    "keypoint_offset": [
      0.02373568323816322,
      -0.0273751631775187,
      0.015352993049465358
    ]
  },
  "361": {
    "geom_id": 75,
    "geom_name": "gripper0_right_wiping_surface_vis",
    "body_id": 14,
    "body_name": "gripper0_right_wiping_gripper",
    "initial_keypoint": [
      -0.08567581513282341,
      -0.020709417742537574,
      1.0876366978658791
    ],
    "initial_pos": [
      -0.11226834485319281,
      0.007071691061700473,
      1.0918027116463387
    ],
    "initial_rot": [
      [
        -0.04419496607349653,
        0.9885189106549344,
        0.14448933611634776
      ],
      [
        0.998997748149391,
        0.04475598778400687,
        -0.0006330481198737609
      ],
      [
        -0.007092542999992291,
        0.14431654387165127,
        -0.9895061551090694
      ]
    ],
    "keypoint_offset": [
      0.026592529720369407,
      -0.027781108804238046,
      -0.004166013780459554
    ]
  },
  "384": {
    "geom_id": 75,
    "geom_name": "gripper0_right_wiping_surface_vis",
    "body_id": 14,
    "body_name": "gripper0_right_wiping_gripper",
    "initial_keypoint": [
      -0.08940128980184503,
      0.0,
      1.1067972855057293
    ],
    "initial_pos": [
      -0.11226834485319281,
      0.007071691061700473,
      1.0918027116463387
    ],
    "initial_rot": [
      [
        -0.04419496607349653,
        0.9885189106549344,
        0.14448933611634776
      ],
      [
        0.998997748149391,
        0.04475598778400687,
        -0.0006330481198737609
      ],
      [
        -0.007092542999992291,
        0.14431654387165127,
        -0.9895061551090694
      ]
    ],
    "keypoint_offset": [
      0.022867055051347784,
      -0.007071691061700473,
      0.014994573859390625
    ]
  },
  "385": {
    "geom_id": 75,
    "geom_name": "gripper0_right_wiping_surface_vis",
    "body_id": 14,
    "body_name": "gripper0_right_wiping_gripper",
    "initial_keypoint": [
      -0.08655557544446424,
      0.0,
      1.0872425944822584
    ],
    "initial_pos": [
      -0.11226834485319281,
      0.007071691061700473,
      1.0918027116463387
    ],
    "initial_rot": [
      [
        -0.04419496607349653,
        0.9885189106549344,
        0.14448933611634776
      ],
      [
        0.998997748149391,
        0.04475598778400687,
        -0.0006330481198737609
      ],
      [
        -0.007092542999992291,
        0.14431654387165127,
        -0.9895061551090694
      ]
    ],
    "keypoint_offset": [
      0.025712769408728575,
      -0.007071691061700473,
      -0.004560117164080335
    ]
  },
  "408": {
    "geom_id": 75,
    "geom_name": "gripper0_right_wiping_surface_vis",
    "body_id": 14,
    "body_name": "gripper0_right_wiping_gripper",
    "initial_keypoint": [
      -0.09027057400720184,
      0.02036342742177758,
      1.106438595624883
    ],
    "initial_pos": [
      -0.11226834485319281,
      0.007071691061700473,
      1.0918027116463387
    ],
    "initial_rot": [
      [
        -0.04419496607349653,
        0.9885189106549344,
        0.14448933611634776
      ],
      [
        0.998997748149391,
        0.04475598778400687,
        -0.0006330481198737609
      ],
      [
        -0.007092542999992291,
        0.14431654387165127,
        -0.9895061551090694
      ]
    ],
    "keypoint_offset": [
      0.02199777084599097,
      0.013291736360077109,
      0.014635883978544317
    ]
  },
  "409": {
    "geom_id": 75,
    "geom_name": "gripper0_right_wiping_surface_vis",
    "body_id": 14,
    "body_name": "gripper0_right_wiping_gripper",
    "initial_keypoint": [
      -0.0874399905725688,
      0.020771798747880137,
      1.0868464058955496
    ],
    "initial_pos": [
      -0.11226834485319281,
      0.007071691061700473,
      1.0918027116463387
    ],
    "initial_rot": [
      [
        -0.04419496607349653,
        0.9885189106549344,
        0.14448933611634776
      ],
      [
        0.998997748149391,
        0.04475598778400687,
        -0.0006330481198737609
      ],
      [
        -0.007092542999992291,
        0.14431654387165127,
        -0.9895061551090694
      ]
    ],
    "keypoint_offset": [
      0.02482835428062402,
      0.013700107686179665,
      -0.004956305750789092
    ]
  },
  "432": {
    "geom_id": 75,
    "geom_name": "gripper0_right_wiping_surface_vis",
    "body_id": 14,
    "body_name": "gripper0_right_wiping_gripper",
    "initial_keypoint": [
      -0.09114439070429892,
      0.040787145509140865,
      1.106078035516886
    ],
    "initial_pos": [
      -0.11226834485319281,
      0.007071691061700473,
      1.0918027116463387
    ],
    "initial_rot": [
      [
        -0.04419496607349653,
        0.9885189106549344,
        0.14448933611634776
      ],
      [
        0.998997748149391,
        0.04475598778400687,
        -0.0006330481198737609
      ],
      [
        -0.007092542999992291,
        0.14431654387165127,
        -0.9895061551090694
      ]
    ],
    "keypoint_offset": [
      0.021123954148893898,
      0.033715454447440396,
      0.014275323870547307
    ]
  },
  "433": {
    "geom_id": 75,
    "geom_name": "gripper0_right_wiping_surface_vis",
    "body_id": 14,
    "body_name": "gripper0_right_wiping_gripper",
    "initial_keypoint": [
      -0.08832708222013996,
      0.041606332377518374,
      1.0864490183170656
    ],
    "initial_pos": [
      -0.11226834485319281,
      0.007071691061700473,
      1.0918027116463387
    ],
    "initial_rot": [
      [
        -0.04419496607349653,
        0.9885189106549344,
        0.14448933611634776
      ],
      [
        0.998997748149391,
        0.04475598778400687,
        -0.0006330481198737609
      ],
      [
        -0.007092542999992291,
        0.14431654387165127,
        -0.9895061551090694
      ]
    ],
    "keypoint_offset": [
      0.02394126263305285,
      0.034534641315817904,
      -0.005353693329273046
    ]
  },
  "456": {
    "geom_id": 75,
    "geom_name": "gripper0_right_wiping_surface_vis",
    "body_id": 14,
    "body_name": "gripper0_right_wiping_gripper",
    "initial_keypoint": [
      -0.0920188037818882,
      0.06127121598472046,
      1.1057172293263695
    ],
    "initial_pos": [
      -0.11226834485319281,
      0.007071691061700473,
      1.0918027116463387
    ],
    "initial_rot": [
      [
        -0.04419496607349653,
        0.9885189106549344,
        0.14448933611634776
      ],
      [
        0.998997748149391,
        0.04475598778400687,
        -0.0006330481198737609
      ],
      [
        -0.007092542999992291,
        0.14431654387165127,
        -0.9895061551090694
      ]
    ],
    "keypoint_offset": [
      0.02024954107130461,
      0.05419952492301999,
      0.013914517680030825
    ]
  },
  "457": {
    "geom_id": 75,
    "geom_name": "gripper0_right_wiping_surface_vis",
    "body_id": 14,
    "body_name": "gripper0_right_wiping_gripper",
    "initial_keypoint": [
      -0.08921679220197198,
      0.06250387864075248,
      1.0860504578118446
    ],
    "initial_pos": [
      -0.11226834485319281,
      0.007071691061700473,
      1.0918027116463387
    ],
    "initial_rot": [
      [
        -0.04419496607349653,
        0.9885189106549344,
        0.14448933611634776
      ],
      [
        0.998997748149391,
        0.04475598778400687,
        -0.0006330481198737609
      ],
      [
        -0.007092542999992291,
        0.14431654387165127,
        -0.9895061551090694
      ]
    ],
    "keypoint_offset": [
      0.02305155265122083,
      0.05543218757905201,
      -0.00575225383449407
    ]
  },
  "464": {
    "geom_id": 117,
    "geom_name": "red_cube_g0_vis",
    "body_id": 21,
    "body_name": "red_cube_main",
    "initial_keypoint": [
      -0.15817868117864597,
      0.08460744395780267,
      0.8529244203914923
    ],
    "initial_pos": [
      -0.1408063521155606,
      0.0835178497556168,
      0.8310248765105105
    ],
    "initial_rot": [
      [
        0.9675066022904945,
        0.2528457524347663,
        0.0
      ],
      [
        -0.2528457524347663,
        0.9675066022904945,
        0.0
      ],
      [
        0.0,
        0.0,
        1.0
      ]
    ],
    "keypoint_offset": [
      -0.017372329063085362,
      0.0010895942021858784,
      0.02189954388098181
    ]
  },
  "465": {
    "geom_id": 117,
    "geom_name": "red_cube_g0_vis",
    "body_id": 21,
    "body_name": "red_cube_main",
    "initial_keypoint": [
      -0.12039465761081025,
      0.08223876394075719,
      0.8474304929511115
    ],
    "initial_pos": [
      -0.1408063521155606,
      0.0835178497556168,
      0.8310248765105105
    ],
    "initial_rot": [
      [
        0.9675066022904945,
        0.2528457524347663,
        0.0
      ],
      [
        -0.2528457524347663,
        0.9675066022904945,
        0.0
      ],
      [
        0.0,
        0.0,
        1.0
      ]
    ],
    "keypoint_offset": [
      0.02041169450475036,
      -0.0012790858148596096,
      0.016405616440601012
    ]
  },
  "466": {
    "geom_id": 117,
    "geom_name": "red_cube_g0_vis",
    "body_id": 21,
    "body_name": "red_cube_main",
    "initial_keypoint": [
      -0.1197508963318723,
      0.0847993396163878,
      0.8117680877594923
    ],
    "initial_pos": [
      -0.1408063521155606,
      0.0835178497556168,
      0.8310248765105105
    ],
    "initial_rot": [
      [
        0.9675066022904945,
        0.2528457524347663,
        0.0
      ],
      [
        -0.2528457524347663,
        0.9675066022904945,
        0.0
      ],
      [
        0.0,
        0.0,
        1.0
      ]
    ],
    "keypoint_offset": [
      0.02105545578368831,
      0.0012814898607710068,
      -0.019256788751018217
    ]
  },
  "518": {
    "geom_id": 119,
    "geom_name": "blue_cube_g0_vis",
    "body_id": 22,
    "body_name": "blue_cube_main",
    "initial_keypoint": [
      0.03877465770734173,
      0.12073501023453381,
      0.8218174291669793
    ],
    "initial_pos": [
      0.04782869158113251,
      0.14733833651336778,
      0.8300875442823885
    ],
    "initial_rot": [
      [
        0.349140130577202,
        0.9370705252117016,
        0.0
      ],
      [
        -0.9370705252117016,
        0.349140130577202,
        0.0
      ],
      [
        0.0,
        0.0,
        1.0
      ]
    ],
    "keypoint_offset": [
      -0.009054033873790779,
      -0.026603326278833966,
      -0.008270115115409205
    ]
  },
  "541": {
    "geom_id": 119,
    "geom_name": "blue_cube_g0_vis",
    "body_id": 22,
    "body_name": "blue_cube_main",
    "initial_keypoint": [
      0.032943870950179144,
      0.14148302108057453,
      0.8509053235997224
    ],
    "initial_pos": [
      0.04782869158113251,
      0.14733833651336778,
      0.8300875442823885
    ],
    "initial_rot": [
      [
        0.349140130577202,
        0.9370705252117016,
        0.0
      ],
      [
        -0.9370705252117016,
        0.349140130577202,
        0.0
      ],
      [
        0.0,
        0.0,
        1.0
      ]
    ],
    "keypoint_offset": [
      -0.014884820630953366,
      -0.0058553154327932455,
      0.020817779317333862
    ]
  },
  "542": {
    "geom_id": 119,
    "geom_name": "blue_cube_g0_vis",
    "body_id": 22,
    "body_name": "blue_cube_main",
    "initial_keypoint": [
      0.06415428723737493,
      0.13690965807603026,
      0.8508814825542643
    ],
    "initial_pos": [
      0.04782869158113251,
      0.14733833651336778,
      0.8300875442823885
    ],
    "initial_rot": [
      [
        0.349140130577202,
        0.9370705252117016,
        0.0
      ],
      [
        -0.9370705252117016,
        0.349140130577202,
        0.0
      ],
      [
        0.0,
        0.0,
        1.0
      ]
    ],
    "keypoint_offset": [
      0.01632559565624242,
      -0.010428678437337524,
      0.02079393827187581
    ]
  },
  "543": {
    "geom_id": 119,
    "geom_name": "blue_cube_g0_vis",
    "body_id": 22,
    "body_name": "blue_cube_main",
    "initial_keypoint": [
      0.07277866792892562,
      0.1393523435271843,
      0.8255313438557933
    ],
    "initial_pos": [
      0.04782869158113251,
      0.14733833651336778,
      0.8300875442823885
    ],
    "initial_rot": [
      [
        0.349140130577202,
        0.9370705252117016,
        0.0
      ],
      [
        -0.9370705252117016,
        0.349140130577202,
        0.0
      ],
      [
        0.0,
        0.0,
        1.0
      ]
    ],
    "keypoint_offset": [
      0.024949976347793112,
      -0.007985992986183466,
      -0.004556200426595214
    ]
  },
  "566": {
    "geom_id": 119,
    "geom_name": "blue_cube_g0_vis",
    "body_id": 22,
    "body_name": "blue_cube_main",
    "initial_keypoint": [
      0.06415428723737493,
      0.15972793442203528,
      0.8508814825542643
    ],
    "initial_pos": [
      0.04782869158113251,
      0.14733833651336778,
      0.8300875442823885
    ],
    "initial_rot": [
      [
        0.349140130577202,
        0.9370705252117016,
        0.0
      ],
      [
        -0.9370705252117016,
        0.349140130577202,
        0.0
      ],
      [
        0.0,
        0.0,
        1.0
      ]
    ],
    "keypoint_offset": [
      0.01632559565624242,
      0.012389597908667505,
      0.02079393827187581
    ]
  },
  "567": {
    "geom_id": 119,
    "geom_name": "blue_cube_g0_vis",
    "body_id": 22,
    "body_name": "blue_cube_main",
    "initial_keypoint": [
      0.06267156241986949,
      0.16642396132509482,
      0.8131235831802087
    ],
    "initial_pos": [
      0.04782869158113251,
      0.14733833651336778,
      0.8300875442823885
    ],
    "initial_rot": [
      [
        0.349140130577202,
        0.9370705252117016,
        0.0
      ],
      [
        -0.9370705252117016,
        0.349140130577202,
        0.0
      ],
      [
        0.0,
        0.0,
        1.0
      ]
    ],
    "keypoint_offset": [
      0.014842870838736977,
      0.019085624811727042,
      -0.016963961102179792
    ]
  }
}