{
  "273": {
    "geom_id": 121,
    "geom_name": "green_cube_g0_vis",
    "body_id": 23,
    "body_name": "green_cube_main",
    "initial_keypoint": [
      -0.17779648388551328,
      -0.14974646744165396,
      0.8009304027574258
    ],
    "initial_pos": [
      -0.11289598695762375,
      -0.11412048090739116,
      0.8309535973734307
    ],
    "initial_rot": [
      [
        0.9799547280998502,
        -0.19922030738543836,
        0.0
      ],
      [
        0.19922030738543836,
        0.9799547280998502,
        0.0
      ],
      [
        0.0,
        0.0,
        1.0
      ]
    ],
    "keypoint_offset": [
      -0.06490049692788953,
      -0.0356259865342628,
      -0.03002319461600489
    ]
  },
  "297": {
    "geom_id": 121,
    "geom_name": "green_cube_g0_vis",
    "body_id": 23,
    "body_name": "green_cube_main",
    "initial_keypoint": [
      -0.11383559033911128,
      -0.10849240257642924,
      0.8527438643107761
    ],
    "initial_pos": [
      -0.11289598695762375,
      -0.11412048090739116,
      0.8309535973734307
    ],
    "initial_rot": [
      [
        0.9799547280998502,
        -0.19922030738543836,
        0.0
      ],
      [
        0.19922030738543836,
        0.9799547280998502,
        0.0
      ],
      [
        0.0,
        0.0,
        1.0
      ]
    ],
    "keypoint_offset": [
      -0.0009396033814875332,
      0.005628078330961919,
      0.021790266937345426
    ]
  },
  "298": {
    "geom_id": 121,
    "geom_name": "green_cube_g0_vis",
    "body_id": 23,
    "body_name": "green_cube_main",
    "initial_keypoint": [
      -0.09412141745690428,
      -0.10839000884707935,
      0.8340263910653011
    ],
    "initial_pos": [
      -0.11289598695762375,
      -0.11412048090739116,
      0.8309535973734307
    ],
    "initial_rot": [
      [
        0.9799547280998502,
        -0.19922030738543836,
        0.0
      ],
      [
        0.19922030738543836,
        0.9799547280998502,
        0.0
      ],
      [
        0.0,
        0.0,
        1.0
      ]
    ],
    "keypoint_offset": [
      0.01877456950071947,
      0.0057304720603118114,
      0.0030727936918704124
    ]
  },
  "312": {
    "geom_id": 75,
    "geom_name": "gripper0_right_wiping_surface_vis",
    "body_id": 14,
    "body_name": "gripper0_right_wiping_gripper",
    "initial_keypoint": [
      -0.07096901756903673,
      -0.05909266018676142,
      1.1144029333366383
    ],
    "initial_pos": [
      -0.09734366129724213,
      -0.005348794803641553,
      1.1170581348769435
    ],
    "initial_rot": [
      [
        -0.012797728408660693,
        0.978431166288201,
        0.2061763104323213
      ],
      [
        0.9999033677517373,
        0.013642037889907341,
        -0.0026739410877128084
      ],
      [
        -0.005428932335955816,
        0.20612216678008477,
        -0.97851120538069
      ]
    ],
    "keypoint_offset": [
      0.026374643728205402,
      -0.053743865383119864,
      -0.0026552015403051854
    ]
  },
  "336": {
    "geom_id": 75,
    "geom_name": "gripper0_right_wiping_surface_vis",
    "body_id": 14,
    "body_name": "gripper0_right_wiping_gripper",
    "initial_keypoint": [
      -0.07122170398356031,
      -0.039412541376902276,
      1.1142986681730032
    ],
    "initial_pos": [
      -0.09734366129724213,
      -0.005348794803641553,
      1.1170581348769435
    ],
    "initial_rot": [
      [
        -0.012797728408660693,
        0.978431166288201,
        0.2061763104323213
      ],
      [
        0.9999033677517373,
        0.013642037889907341,
        -0.0026739410877128084
      ],
      [
        -0.005428932335955816,
        0.20612216678008477,
        -0.97851120538069
      ]
    ],
    "keypoint_offset": [
      0.026121957313681818,
      -0.03406374657326072,
      -0.0027594667039403387
    ]
  },
  "360": {
    "geom_id": 75,
    "geom_name": "gripper0_right_wiping_surface_vis",
    "body_id": 14,
    "body_name": "gripper0_right_wiping_gripper",
    "initial_keypoint": [
      -0.0714746289502809,
      -0.01971499621099922,
      1.11419430457636
    ],
    "initial_pos": [
      -0.09734366129724213,
      -0.005348794803641553,
      1.1170581348769435
    ],
    "initial_rot": [
      [
        -0.012797728408660693,
        0.978431166288201,
        0.2061763104323213
      ],
      [
        0.9999033677517373,
        0.013642037889907341,
        -0.0026739410877128084
      ],
      [
        -0.005428932335955816,
        0.20612216678008477,
        -0.97851120538069
      ]
    ],
    "keypoint_offset": [
      0.025869032346961238,
      -0.014366201407357667,
      -0.0028638303005834587
    ]
  },
  "384": {
    "geom_id": 75,
    "geom_name": "gripper0_right_wiping_surface_vis",
    "body_id": 14,
    "body_name": "gripper0_right_wiping_gripper",
    "initial_keypoint": [
      -0.07172779246919825,
      0.0,
      1.1140898425467092
    ],
    "initial_pos": [
      -0.09734366129724213,
      -0.005348794803641553,
      1.1170581348769435
    ],
    "initial_rot": [
      [
        -0.012797728408660693,
        0.978431166288201,
        0.2061763104323213
      ],
      [
        0.9999033677517373,
        0.013642037889907341,
        -0.0026739410877128084
      ],
      [
        -0.005428932335955816,
        0.20612216678008477,
        -0.97851120538069
      ]
    ],
    "keypoint_offset": [
      0.025615868828043883,
      0.005348794803641553,
      -0.0029682923302343234
    ]
  },
  "397": {
    "geom_id": 119,
    "geom_name": "light_cube_g0_vis",
    "body_id": 22,
    "body_name": "light_cube_main",
    "initial_keypoint": [
      0.03582444287955866,
      0.0,
      0.853983493493063
    ],
    "initial_pos": [
      0.047989530090733756,
      0.01695771612515265,
      0.831629048109335
    ],
    "initial_rot": [
      [
        0.980405580819151,
        0.19698958626958732,
        0.0
      ],
      [
        -0.19698958626958732,
        0.980405580819151,
        0.0
      ],
      [
        0.0,
        0.0,
        1.0
      ]
    ],
    "keypoint_offset": [
      -0.012165087211175096,
      -0.01695771612515265,
      0.022354445383727994
    ]
  },
  "398": {
    "geom_id": 119,
    "geom_name": "light_cube_g0_vis",
    "body_id": 22,
    "body_name": "light_cube_main",
    "initial_keypoint": [
      0.06638780278477807,
      0.0,
      0.8534392431013298
    ],
    "initial_pos": [
      0.047989530090733756,
      0.01695771612515265,
      0.831629048109335
    ],
    "initial_rot": [
      [
        0.980405580819151,
        0.19698958626958732,
        0.0
      ],
      [
        -0.19698958626958732,
        0.980405580819151,
        0.0
      ],
      [
        0.0,
        0.0,
        1.0
      ]
    ],
    "keypoint_offset": [
      0.018398272694044315,
      -0.01695771612515265,
      0.02181019499199477
    ]
  },
  "399": {
    "geom_id": 119,
    "geom_name": "light_cube_g0_vis",
    "body_id": 22,
    "body_name": "light_cube_main",
    "initial_keypoint": [
      0.066363002534574,
      0.0,
      0.8176552965822769
    ],
    "initial_pos": [
      0.047989530090733756,
      0.01695771612515265,
      0.831629048109335
    ],
    "initial_rot": [
      [
        0.980405580819151,
        0.19698958626958732,
        0.0
      ],
      [
        -0.19698958626958732,
        0.980405580819151,
        0.0
      ],
      [
        0.0,
        0.0,
        1.0
      ]
    ],
    "keypoint_offset": [
      0.018373472443840244,
      -0.01695771612515265,
      -0.013973751527058154
    ]
  },
  "408": {
    "geom_id": 75,
    "geom_name": "gripper0_right_wiping_surface_vis",
    "body_id": 14,
    "body_name": "gripper0_right_wiping_gripper",
    "initial_keypoint": [
      -0.0719793457607868,
      0.01973240816509599,
      1.1139860449398615
    ],
    "initial_pos": [
      -0.09734366129724213,
      -0.005348794803641553,
      1.1170581348769435
    ],
    "initial_rot": [
      [
        -0.012797728408660693,
        0.978431166288201,
        0.2061763104323213
      ],
      [
        0.9999033677517373,
        0.013642037889907341,
        -0.0026739410877128084
      ],
      [
        -0.005428932335955816,
        0.20612216678008477,
        -0.97851120538069
      ]
    ],
    "keypoint_offset": [
      0.025364315536455337,
      0.025081202968737542,
      -0.0030720899370819676
    ]
  },
  "421": {
    "geom_id": 119,
    "geom_name": "light_cube_g0_vis",
    "body_id": 22,
    "body_name": "light_cube_main",
    "initial_keypoint": [
      0.03582619517620389,
      0.023434982124646783,
      0.8539853659916188
    ],
    "initial_pos": [
      0.047989530090733756,
      0.01695771612515265,
      0.831629048109335
    ],
    "initial_rot": [
      [
        0.980405580819151,
        0.19698958626958732,
        0.0
      ],
      [
        -0.19698958626958732,
        0.980405580819151,
        0.0
      ],
      [
        0.0,
        0.0,
        1.0
      ]
    ],
    "keypoint_offset": [
      -0.012163334914529866,
      0.006477265999494133,
      0.02235631788228376
    ]
  },
  "422": {
    "geom_id": 119,
    "geom_name": "light_cube_g0_vis",
    "body_id": 22,
    "body_name": "light_cube_main",
    "initial_keypoint": [
      0.06684389817394254,
      0.022677464393938734,
      0.853961550990997
    ],
    "initial_pos": [
      0.047989530090733756,
      0.01695771612515265,
      0.831629048109335
    ],
    "initial_rot": [
      [
        0.980405580819151,
        0.19698958626958732,
        0.0
      ],
      [
        -0.19698958626958732,
        0.980405580819151,
        0.0
      ],
      [
        0.0,
        0.0,
        1.0
      ]
    ],
    "keypoint_offset": [
      0.018854368083208783,
      0.005719748268786084,
      0.022332502881661997
    ]
  },
  "423": {
    "geom_id": 119,
    "geom_name": "light_cube_g0_vis",
    "body_id": 22,
    "body_name": "light_cube_main",
    "initial_keypoint": [
      0.07105507497071373,
      0.02331909171340219,
      0.823415413740247
    ],
    "initial_pos": [
      0.047989530090733756,
      0.01695771612515265,
      0.831629048109335
    ],
    "initial_rot": [
      [
        0.980405580819151,
        0.19698958626958732,
        0.0
      ],
      [
        -0.19698958626958732,
        0.980405580819151,
        0.0
      ],
      [
        0.0,
        0.0,
        1.0
      ]
    ],
    "keypoint_offset": [
      0.02306554487997997,
      0.006361375588249542,
      -0.008213634369088063
    ]
  },
  "432": {
    "geom_id": 75,
    "geom_name": "gripper0_right_wiping_surface_vis",
    "body_id": 14,
    "body_name": "gripper0_right_wiping_gripper",
    "initial_keypoint": [
      -0.07223298638409781,
      0.039482316753392636,
      1.1138813860441945
    ],
    "initial_pos": [
      -0.09734366129724213,
      -0.005348794803641553,
      1.1170581348769435
    ],
    "initial_rot": [
      [
        -0.012797728408660693,
        0.978431166288201,
        0.2061763104323213
      ],
      [
        0.9999033677517373,
        0.013642037889907341,
        -0.0026739410877128084
      ],
      [
        -0.005428932335955816,
        0.20612216678008477,
        -0.97851120538069
      ]
    ],
    "keypoint_offset": [
      0.025110674913144324,
      0.04483111155703419,
      -0.003176748832748988
    ]
  },
  "515": {
    "geom_id": 117,
    "geom_name": "red_cube_g0_vis",
    "body_id": 21,
    "body_name": "red_cube_main",
    "initial_keypoint": [
      -0.03242052385403882,
      0.12545741899006857,
      0.8544573462043614
    ],
    "initial_pos": [
      -0.02366052214751113,
      0.14398333466740285,
      0.8318405623082118
    ],
    "initial_rot": [
      [
        0.16536147328323553,
        -0.9862330268012717,
        0.0
      ],
      [
        0.9862330268012717,
        0.16536147328323553,
        0.0
      ],
      [
        0.0,
        0.0,
        1.0
      ]
    ],
    "keypoint_offset": [
      -0.008760001706527687,
      -0.018525915677334276,
      0.022616783896149628
    ]
  },
  "516": {
    "geom_id": 117,
    "geom_name": "red_cube_g0_vis",
    "body_id": 21,
    "body_name": "red_cube_main",
    "initial_keypoint": [
      -0.006625196677131018,
      0.12348866252841534,
      0.8447461265328529
    ],
    "initial_pos": [
      -0.02366052214751113,
      0.14398333466740285,
      0.8318405623082118
    ],
    "initial_rot": [
      [
        0.16536147328323553,
        -0.9862330268012717,
        0.0
      ],
      [
        0.9862330268012717,
        0.16536147328323553,
        0.0
      ],
      [
        0.0,
        0.0,
        1.0
      ]
    ],
    "keypoint_offset": [
      0.017035325470380114,
      -0.020494672138987508,
      0.012905564224641064
    ]
  },
  "539": {
    "geom_id": 117,
    "geom_name": "red_cube_g0_vis",
    "body_id": 21,
    "body_name": "red_cube_main",
    "initial_keypoint": [
      -0.03242052385403882,
      0.1505489027880823,
      0.8544573462043614
    ],
    "initial_pos": [
      -0.02366052214751113,
      0.14398333466740285,
      0.8318405623082118
    ],
    "initial_rot": [
      [
        0.16536147328323553,
        -0.9862330268012717,
        0.0
      ],
      [
        0.9862330268012717,
        0.16536147328323553,
        0.0
      ],
      [
        0.0,
        0.0,
        1.0
      ]
    ],
    "keypoint_offset": [
      -0.008760001706527687,
      0.00656556812067946,
      0.022616783896149628
    ]
  },
  "540": {
    "geom_id": 117,
    "geom_name": "red_cube_g0_vis",
    "body_id": 21,
    "body_name": "red_cube_main",
    "initial_keypoint": [
      -0.0026730098215904663,
      0.14703039188529146,
      0.8486876156860272
    ],
    "initial_pos": [
      -0.02366052214751113,
      0.14398333466740285,
      0.8318405623082118
    ],
    "initial_rot": [
      [
        0.16536147328323553,
        -0.9862330268012717,
        0.0
      ],
      [
        0.9862330268012717,
        0.16536147328323553,
        0.0
      ],
      [
        0.0,
        0.0,
        1.0
      ]
    ],
    "keypoint_offset": [
      0.020987512325920665,
      0.0030470572178886157,
      0.016847053377815446
    ]
  },
  "541": {
    "geom_id": 117,
    "geom_name": "red_cube_g0_vis",
    "body_id": 21,
    "body_name": "red_cube_main",
    "initial_keypoint": [
      -0.0018575146952458654,
      0.15202523404526014,
      0.813716674898504
    ],
    "initial_pos": [
      -0.02366052214751113,
      0.14398333466740285,
      0.8318405623082118
    ],
    "initial_rot": [
      [
        0.16536147328323553,
        -0.9862330268012717,
        0.0
      ],
      [
        0.9862330268012717,
        0.16536147328323553,
        0.0
      ],
      [
        0.0,
        0.0,
        1.0
      ]
    ],
    "keypoint_offset": [
      0.021803007452265266,
      0.008041899377857292,
      -0.01812388740970783
    ]
  }
}