{
  "275": {
    "geom_id": 119,
    "geom_name": "light_cube_g0_vis",
    "body_id": 22,
    "body_name": "light_cube_main",
    "initial_keypoint": [
      -0.03496344348681224,
      -0.12605662228808864,
      0.852090560765491
    ],
    "initial_pos": [
      -0.03520177824244848,
      -0.10592833701938824,
      0.8306554146385267
    ],
    "initial_rot": [
      [
        0.38005289883831256,
        -0.9249647528876955,
        0.0
      ],
      [
        0.9249647528876955,
        0.38005289883831256,
        0.0
      ],
      [
        0.0,
        0.0,
        1.0000000000000002
      ]
    ],
    "keypoint_offset": [
      0.00023833475563624085,
      -0.020128285268700405,
      0.02143514612696429
    ]
  },
  "276": {
    "geom_id": 119,
    "geom_name": "light_cube_g0_vis",
    "body_id": 22,
    "body_name": "light_cube_main",
    "initial_keypoint": [
      -0.02117664687452503,
      -0.12703554320965832,
      0.8302340639172954
    ],
    "initial_pos": [
      -0.03520177824244848,
      -0.10592833701938824,
      0.8306554146385267
    ],
    "initial_rot": [
      [
        0.38005289883831256,
        -0.9249647528876955,
        0.0
      ],
      [
        0.9249647528876955,
        0.38005289883831256,
        0.0
      ],
      [
        0.0,
        0.0,
        1.0000000000000002
      ]
    ],
    "keypoint_offset": [
      0.014025131367923452,
      -0.02110720619027008,
      -0.0004213507212312839
    ]
  },
  "299": {
    "geom_id": 119,
    "geom_name": "light_cube_g0_vis",
    "body_id": 22,
    "body_name": "light_cube_main",
    "initial_keypoint": [
      -0.03496344348681224,
      -0.10084529783047091,
      0.852090560765491
    ],
    "initial_pos": [
      -0.03520177824244848,
      -0.10592833701938824,
      0.8306554146385267
    ],
    "initial_rot": [
      [
        0.38005289883831256,
        -0.9249647528876955,
        0.0
      ],
      [
        0.9249647528876955,
        0.38005289883831256,
        0.0
      ],
      [
        0.0,
        0.0,
        1.0000000000000002
      ]
    ],
    "keypoint_offset": [
      0.00023833475563624085,
      0.005083039188917324,
      0.02143514612696429
    ]
  },
  "300": {
    "geom_id": 119,
    "geom_name": "light_cube_g0_vis",
    "body_id": 22,
    "body_name": "light_cube_main",
    "initial_keypoint": [
      -0.00981180427526851,
      -0.09941231231935369,
      0.841568144382066
    ],
    "initial_pos": [
      -0.03520177824244848,
      -0.10592833701938824,
      0.8306554146385267
    ],
    "initial_rot": [
      [
        0.38005289883831256,
        -0.9249647528876955,
        0.0
      ],
      [
        0.9249647528876955,
        0.38005289883831256,
        0.0
      ],
      [
        0.0,
        0.0,
        1.0000000000000002
      ]
    ],
    "keypoint_offset": [
      0.02538997396717997,
      0.006516024700034553,
      0.010912729743539296
    ]
  },
  "312": {
    "geom_id": 75,
    "geom_name": "gripper0_right_wiping_surface_vis",
    "body_id": 14,
    "body_name": "gripper0_right_wiping_gripper",
    "initial_keypoint": [
      -0.09006524020375473,
      -0.06106903116361165,
      1.1065233218364467
    ],
    "initial_pos": [
      -0.1098529257459932,
      -0.010573026542245848,
      1.093227742762223
    ],
    "initial_rot": [
      [
        0.057873742934298956,
        0.9868954311560457,
        0.15062548868665449
      ],
      [
        0.9982680156095106,
        -0.058804581250640996,
        0.0017292295922522322
      ],
      [
        0.010564037571905452,
        0.15026453070254325,
        -0.9885893848928988
      ]
    ],
    "keypoint_offset": [
      0.019787685542238476,
      -0.0504960046213658,
      0.01329557907422374
    ]
  },
  "313": {
    "geom_id": 75,
    "geom_name": "gripper0_right_wiping_surface_vis",
    "body_id": 14,
    "body_name": "gripper0_right_wiping_gripper",
    "initial_keypoint": [
      -0.08717001121767376,
      -0.062286756943034594,
      1.0869673476746504
    ],
    "initial_pos": [
      -0.1098529257459932,
      -0.010573026542245848,
      1.093227742762223
    ],
    "initial_rot": [
      [
        0.057873742934298956,
        0.9868954311560457,
        0.15062548868665449
      ],
      [
        0.9982680156095106,
        -0.058804581250640996,
        0.0017292295922522322
      ],
      [
        0.010564037571905452,
        0.15026453070254325,
        -0.9885893848928988
      ]
    ],
    "keypoint_offset": [
      0.022682914528319442,
      -0.05171373040078875,
      -0.00626039508757259
    ]
  },
  "336": {
    "geom_id": 75,
    "geom_name": "gripper0_right_wiping_surface_vis",
    "body_id": 14,
    "body_name": "gripper0_right_wiping_gripper",
    "initial_keypoint": [
      -0.08891601499538315,
      -0.04063339443627642,
      1.1069975228520827
    ],
    "initial_pos": [
      -0.1098529257459932,
      -0.010573026542245848,
      1.093227742762223
    ],
    "initial_rot": [
      [
        0.057873742934298956,
        0.9868954311560457,
        0.15062548868665449
      ],
      [
        0.9982680156095106,
        -0.058804581250640996,
        0.0017292295922522322
      ],
      [
        0.010564037571905452,
        0.15026453070254325,
        -0.9885893848928988
      ]
    ],
    "keypoint_offset": [
      0.02093691075061005,
      -0.030060367894030573,
      0.01376978008985974
    ]
  },
  "337": {
    "geom_id": 75,
    "geom_name": "gripper0_right_wiping_surface_vis",
    "body_id": 14,
    "body_name": "gripper0_right_wiping_gripper",
    "initial_keypoint": [
      -0.08600566706448298,
      -0.041442162524605954,
      1.0874889351620598
    ],
    "initial_pos": [
      -0.1098529257459932,
      -0.010573026542245848,
      1.093227742762223
    ],
    "initial_rot": [
      [
        0.057873742934298956,
        0.9868954311560457,
        0.15062548868665449
      ],
      [
        0.9982680156095106,
        -0.058804581250640996,
        0.0017292295922522322
      ],
      [
        0.010564037571905452,
        0.15026453070254325,
        -0.9885893848928988
      ]
    ],
    "keypoint_offset": [
      0.02384725868151022,
      -0.030869135982360105,
      -0.005738807600163209
    ]
  },
  "351": {
    "geom_id": 123,
    "geom_name": "green_cube_g0_vis",
    "body_id": 24,
    "body_name": "green_cube_main",
    "initial_keypoint": [
      0.08969192764823974,
      -0.04461184180820744,
      0.8462945266140244
    ],
    "initial_pos": [
      0.07242944792020994,
      -0.021623347977644647,
      0.8308974918932336
    ],
    "initial_rot": [
      [
        -0.9902066473629281,
        -0.13960943921622782,
        0.0
      ],
      [
        0.13960943921622782,
        -0.9902066473629281,
        0.0
      ],
      [
        0.0,
        0.0,
        1.0
      ]
    ],
    "keypoint_offset": [
      0.0172624797280298,
      -0.02298849383056279,
      0.015397034720790792
    ]
  },
  "360": {
    "geom_id": 75,
    "geom_name": "gripper0_right_wiping_surface_vis",
    "body_id": 14,
    "body_name": "gripper0_right_wiping_gripper",
    "initial_keypoint": [
      -0.08777519875195083,
      -0.020277340811436433,
      1.1074682541041898
    ],
    "initial_pos": [
      -0.1098529257459932,
      -0.010573026542245848,
      1.093227742762223
    ],
    "initial_rot": [
      [
        0.057873742934298956,
        0.9868954311560457,
        0.15062548868665449
      ],
      [
        0.9982680156095106,
        -0.058804581250640996,
        0.0017292295922522322
      ],
      [
        0.010564037571905452,
        0.15026453070254325,
        -0.9885893848928988
      ]
    ],
    "keypoint_offset": [
      0.022077726994042368,
      -0.009704314269190585,
      0.0142405113419668
    ]
  },
  "361": {
    "geom_id": 75,
    "geom_name": "gripper0_right_wiping_surface_vis",
    "body_id": 14,
    "body_name": "gripper0_right_wiping_gripper",
    "initial_keypoint": [
      -0.08484591954255005,
      -0.02068007274652171,
      1.0880084635114202
    ],
    "initial_pos": [
      -0.1098529257459932,
      -0.010573026542245848,
      1.093227742762223
    ],
    "initial_rot": [
      [
        0.057873742934298956,
        0.9868954311560457,
        0.15062548868665449
      ],
      [
        0.9982680156095106,
        -0.058804581250640996,
        0.0017292295922522322
      ],
      [
        0.010564037571905452,
        0.15026453070254325,
        -0.9885893848928988
      ]
    ],
    "keypoint_offset": [
      0.02500700620344315,
      -0.010107046204275862,
      -0.0052192792508027885
    ]
  },
  "374": {
    "geom_id": 123,
    "geom_name": "green_cube_g0_vis",
    "body_id": 24,
    "body_name": "green_cube_main",
    "initial_keypoint": [
      0.06556922041735647,
      -0.022744198902160746,
      0.85250182509842
    ],
    "initial_pos": [
      0.07242944792020994,
      -0.021623347977644647,
      0.8308974918932336
    ],
    "initial_rot": [
      [
        -0.9902066473629281,
        -0.13960943921622782,
        0.0
      ],
      [
        0.13960943921622782,
        -0.9902066473629281,
        0.0
      ],
      [
        0.0,
        0.0,
        1.0
      ]
    ],
    "keypoint_offset": [
      -0.006860227502853478,
      -0.0011208509245160987,
      0.0216043332051864
    ]
  },
  "375": {
    "geom_id": 123,
    "geom_name": "green_cube_g0_vis",
    "body_id": 24,
    "body_name": "green_cube_main",
    "initial_keypoint": [
      0.09286677808111404,
      -0.022133323854691196,
      0.8501920603160902
    ],
    "initial_pos": [
      0.07242944792020994,
      -0.021623347977644647,
      0.8308974918932336
    ],
    "initial_rot": [
      [
        -0.9902066473629281,
        -0.13960943921622782,
        0.0
      ],
      [
        0.13960943921622782,
        -0.9902066473629281,
        0.0
      ],
      [
        0.0,
        0.0,
        1.0
      ]
    ],
    "keypoint_offset": [
      0.0204373301609041,
      -0.0005099758770465493,
      0.019294568422856595
    ]
  },
  "376": {
    "geom_id": 123,
    "geom_name": "green_cube_g0_vis",
    "body_id": 24,
    "body_name": "green_cube_main",
    "initial_keypoint": [
      0.09271552834184887,
      -0.02302546892987783,
      0.8137423982114002
    ],
    "initial_pos": [
      0.07242944792020994,
      -0.021623347977644647,
      0.8308974918932336
    ],
    "initial_rot": [
      [
        -0.9902066473629281,
        -0.13960943921622782,
        0.0
      ],
      [
        0.13960943921622782,
        -0.9902066473629281,
        0.0
      ],
      [
        0.0,
        0.0,
        1.0
      ]
    ],
    "keypoint_offset": [
      0.02028608042163893,
      -0.0014021209522331844,
      -0.017155093681833433
    ]
  },
  "384": {
    "geom_id": 75,
    "geom_name": "gripper0_right_wiping_surface_vis",
    "body_id": 14,
    "body_name": "gripper0_right_wiping_gripper",
    "initial_keypoint": [
      -0.08663873608611117,
      0.0,
      1.1079371889539023
    ],
    "initial_pos": [
      -0.1098529257459932,
      -0.010573026542245848,
      1.093227742762223
    ],
    "initial_rot": [
      [
        0.057873742934298956,
        0.9868954311560457,
        0.15062548868665449
      ],
      [
        0.9982680156095106,
        -0.058804581250640996,
        0.0017292295922522322
      ],
      [
        0.010564037571905452,
        0.15026453070254325,
        -0.9885893848928988
      ]
    ],
    "keypoint_offset": [
      0.023214189659882034,
      0.010573026542245848,
      0.014709446191679243
    ]
  },
  "385": {
    "geom_id": 75,
    "geom_name": "gripper0_right_wiping_surface_vis",
    "body_id": 14,
    "body_name": "gripper0_right_wiping_gripper",
    "initial_keypoint": [
      -0.08369274694887219,
      0.0,
      1.0885250465114187
    ],
    "initial_pos": [
      -0.1098529257459932,
      -0.010573026542245848,
      1.093227742762223
    ],
    "initial_rot": [
      [
        0.057873742934298956,
        0.9868954311560457,
        0.15062548868665449
      ],
      [
        0.9982680156095106,
        -0.058804581250640996,
        0.0017292295922522322
      ],
      [
        0.010564037571905452,
        0.15026453070254325,
        -0.9885893848928988
      ]
    ],
    "keypoint_offset": [
      0.026160178797121014,
      0.010573026542245848,
      -0.004702696250804328
    ]
  },
  "398": {
    "geom_id": 123,
    "geom_name": "green_cube_g0_vis",
    "body_id": 24,
    "body_name": "green_cube_main",
    "initial_keypoint": [
      0.06313217927797654,
      0.0,
      0.84971099264367
    ],
    "initial_pos": [
      0.07242944792020994,
      -0.021623347977644647,
      0.8308974918932336
    ],
    "initial_rot": [
      [
        -0.9902066473629281,
        -0.13960943921622782,
        0.0
      ],
      [
        0.13960943921622782,
        -0.9902066473629281,
        0.0
      ],
      [
        0.0,
        0.0,
        1.0
      ]
    ],
    "keypoint_offset": [
      -0.009297268642233403,
      0.021623347977644647,
      0.018813500750436418
    ]
  },
  "399": {
    "geom_id": 123,
    "geom_name": "green_cube_g0_vis",
    "body_id": 24,
    "body_name": "green_cube_main",
    "initial_keypoint": [
      0.06299794113167195,
      0.0,
      0.8135242546624666
    ],
    "initial_pos": [
      0.07242944792020994,
      -0.021623347977644647,
      0.8308974918932336
    ],
    "initial_rot": [
      [
        -0.9902066473629281,
        -0.13960943921622782,
        0.0
      ],
      [
        0.13960943921622782,
        -0.9902066473629281,
        0.0
      ],
      [
        0.0,
        0.0,
        1.0
      ]
    ],
    "keypoint_offset": [
      -0.009431506788537991,
      0.021623347977644647,
      -0.017373237230767002
    ]
  },
  "408": {
    "geom_id": 75,
    "geom_name": "gripper0_right_wiping_surface_vis",
    "body_id": 14,
    "body_name": "gripper0_right_wiping_gripper",
    "initial_keypoint": [
      -0.0855047185802893,
      0.020199012735763716,
      1.1084051148652836
    ],
    "initial_pos": [
      -0.1098529257459932,
      -0.010573026542245848,
      1.093227742762223
    ],
    "initial_rot": [
      [
        0.057873742934298956,
        0.9868954311560457,
        0.15062548868665449
      ],
      [
        0.9982680156095106,
        -0.058804581250640996,
        0.0017292295922522322
      ],
      [
        0.010564037571905452,
        0.15026453070254325,
        -0.9885893848928988
      ]
    ],
    "keypoint_offset": [
      0.024348207165703906,
      0.030772039278009564,
      0.015177372103060582
    ]
  },
  "409": {
    "geom_id": 75,
    "geom_name": "gripper0_right_wiping_surface_vis",
    "body_id": 14,
    "body_name": "gripper0_right_wiping_gripper",
    "initial_keypoint": [
      -0.08254213450424941,
      0.02059861121863472,
      1.0890404826497186
    ],
    "initial_pos": [
      -0.1098529257459932,
      -0.010573026542245848,
      1.093227742762223
    ],
    "initial_rot": [
      [
        0.057873742934298956,
        0.9868954311560457,
        0.15062548868665449
      ],
      [
        0.9982680156095106,
        -0.058804581250640996,
        0.0017292295922522322
      ],
      [
        0.010564037571905452,
        0.15026453070254325,
        -0.9885893848928988
      ]
    ],
    "keypoint_offset": [
      0.027310791241743793,
      0.03117163776088057,
      -0.004187260112504365
    ]
  },
  "432": {
    "geom_id": 75,
    "geom_name": "gripper0_right_wiping_surface_vis",
    "body_id": 14,
    "body_name": "gripper0_right_wiping_gripper",
    "initial_keypoint": [
      -0.08437511429010935,
      0.0403200862484276,
      1.1088712197660187
    ],
    "initial_pos": [
      -0.1098529257459932,
      -0.010573026542245848,
      1.093227742762223
    ],
    "initial_rot": [
      [
        0.057873742934298956,
        0.9868954311560457,
        0.15062548868665449
      ],
      [
        0.9982680156095106,
        -0.058804581250640996,
        0.0017292295922522322
      ],
      [
        0.010564037571905452,
        0.15026453070254325,
        -0.9885893848928988
      ]
    ],
    "keypoint_offset": [
      0.025477811455883848,
      0.05089311279067345,
      0.015643477003795647
    ]
  },
  "433": {
    "geom_id": 75,
    "geom_name": "gripper0_right_wiping_surface_vis",
    "body_id": 14,
    "body_name": "gripper0_right_wiping_gripper",
    "initial_keypoint": [
      -0.0813960605056786,
      0.04111617239358656,
      1.0895538857150082
    ],
    "initial_pos": [
      -0.1098529257459932,
      -0.010573026542245848,
      1.093227742762223
    ],
    "initial_rot": [
      [
        0.057873742934298956,
        0.9868954311560457,
        0.15062548868665449
      ],
      [
        0.9982680156095106,
        -0.058804581250640996,
        0.0017292295922522322
      ],
      [
        0.010564037571905452,
        0.15026453070254325,
        -0.9885893848928988
      ]
    ],
    "keypoint_offset": [
      0.0284568652403146,
      0.0516891989358324,
      -0.0036738570472147902
    ]
  },
  "442": {
    "geom_id": 117,
    "geom_name": "dark_cube_g0_vis",
    "body_id": 21,
    "body_name": "dark_cube_main",
    "initial_keypoint": [
      -0.07063631435157758,
      0.05205272301559365,
      0.8544223792411321
    ],
    "initial_pos": [
      -0.07379105960570843,
      0.06150249974263122,
      0.8318086373275787
    ],
    "initial_rot": [
      [
        0.5869067295184476,
        0.8096545503151081,
        0.0
      ],
      [
        -0.8096545503151081,
        0.5869067295184476,
        0.0
      ],
      [
        0.0,
        0.0,
        1.0
      ]
    ],
    "keypoint_offset": [
      0.0031547452541308557,
      -0.009449776727037576,
      0.022613741913553365
    ]
  },
  "443": {
    "geom_id": 117,
    "geom_name": "dark_cube_g0_vis",
    "body_id": 21,
    "body_name": "dark_cube_main",
    "initial_keypoint": [
      -0.05201935833317839,
      0.0520302436335233,
      0.8362160162518805
    ],
    "initial_pos": [
      -0.07379105960570843,
      0.06150249974263122,
      0.8318086373275787
    ],
    "initial_rot": [
      [
        0.5869067295184476,
        0.8096545503151081,
        0.0
      ],
      [
        -0.8096545503151081,
        0.5869067295184476,
        0.0
      ],
      [
        0.0,
        0.0,
        1.0
      ]
    ],
    "keypoint_offset": [
      0.021771701272530045,
      -0.009472256109107922,
      0.004407378924301764
    ]
  },
  "466": {
    "geom_id": 117,
    "geom_name": "dark_cube_g0_vis",
    "body_id": 21,
    "body_name": "dark_cube_main",
    "initial_keypoint": [
      -0.07063631435157758,
      0.07807908452339046,
      0.8544223792411321
    ],
    "initial_pos": [
      -0.07379105960570843,
      0.06150249974263122,
      0.8318086373275787
    ],
    "initial_rot": [
      [
        0.5869067295184476,
        0.8096545503151081,
        0.0
      ],
      [
        -0.8096545503151081,
        0.5869067295184476,
        0.0
      ],
      [
        0.0,
        0.0,
        1.0
      ]
    ],
    "keypoint_offset": [
      0.0031547452541308557,
      0.01657658478075924,
      0.022613741913553365
    ]
  },
  "467": {
    "geom_id": 117,
    "geom_name": "dark_cube_g0_vis",
    "body_id": 21,
    "body_name": "dark_cube_main",
    "initial_keypoint": [
      -0.0609665517341379,
      0.07931033373118136,
      0.8278885462102676
    ],
    "initial_pos": [
      -0.07379105960570843,
      0.06150249974263122,
      0.8318086373275787
    ],
    "initial_rot": [
      [
        0.5869067295184476,
        0.8096545503151081,
        0.0
      ],
      [
        -0.8096545503151081,
        0.5869067295184476,
        0.0
      ],
      [
        0.0,
        0.0,
        1.0
      ]
    ],
    "keypoint_offset": [
      0.012824507871570537,
      0.01780783398855014,
      -0.003920091117311064
    ]
  },
  "519": {
    "geom_id": 121,
    "geom_name": "red_cube_g0_vis",
    "body_id": 23,
    "body_name": "red_cube_main",
    "initial_keypoint": [
      0.09431353195342213,
      0.11027336381959128,
      0.851968135156507
    ],
    "initial_pos": [
      0.08583280666394519,
      0.13878315888441786,
      0.8306435964035684
    ],
    "initial_rot": [
      [
        0.4586736544434427,
        -0.8886047933246237,
        0.0
      ],
      [
        0.8886047933246237,
        0.4586736544434427,
        0.0
      ],
      [
        0.0,
        0.0,
        1.0
      ]
    ],
    "keypoint_offset": [
      0.008480725289476937,
      -0.02850979506482658,
      0.021324538752938604
    ]
  },
  "520": {
    "geom_id": 121,
    "geom_name": "red_cube_g0_vis",
    "body_id": 23,
    "body_name": "red_cube_main",
    "initial_keypoint": [
      0.09722107216135834,
      0.11385375988925873,
      0.8196746944110734
    ],
    "initial_pos": [
      0.08583280666394519,
      0.13878315888441786,
      0.8306435964035684
    ],
    "initial_rot": [
      [
        0.4586736544434427,
        -0.8886047933246237,
        0.0
      ],
      [
        0.8886047933246237,
        0.4586736544434427,
        0.0
      ],
      [
        0.0,
        0.0,
        1.0
      ]
    ],
    "keypoint_offset": [
      0.011388265497413147,
      -0.024929398995159127,
      -0.010968901992495006
    ]
  },
  "542": {
    "geom_id": 121,
    "geom_name": "red_cube_g0_vis",
    "body_id": 23,
    "body_name": "red_cube_main",
    "initial_keypoint": [
      0.06512491450059849,
      0.13660476062531338,
      0.8519930181881514
    ],
    "initial_pos": [
      0.08583280666394519,
      0.13878315888441786,
      0.8306435964035684
    ],
    "initial_rot": [
      [
        0.4586736544434427,
        -0.8886047933246237,
        0.0
      ],
      [
        0.8886047933246237,
        0.4586736544434427,
        0.0
      ],
      [
        0.0,
        0.0,
        1.0
      ]
    ],
    "keypoint_offset": [
      -0.020707892163346703,
      -0.002178398259104486,
      0.02134942178458299
    ]
  },
  "543": {
    "geom_id": 121,
    "geom_name": "red_cube_g0_vis",
    "body_id": 23,
    "body_name": "red_cube_main",
    "initial_keypoint": [
      0.0943150079239416,
      0.13232755514699074,
      0.851969947098507
    ],
    "initial_pos": [
      0.08583280666394519,
      0.13878315888441786,
      0.8306435964035684
    ],
    "initial_rot": [
      [
        0.4586736544434427,
        -0.8886047933246237,
        0.0
      ],
      [
        0.8886047933246237,
        0.4586736544434427,
        0.0
      ],
      [
        0.0,
        0.0,
        1.0
      ]
    ],
    "keypoint_offset": [
      0.008482201259996408,
      -0.006455603737427124,
      0.0213263506949386
    ]
  },
  "544": {
    "geom_id": 121,
    "geom_name": "red_cube_g0_vis",
    "body_id": 23,
    "body_name": "red_cube_main",
    "initial_keypoint": [
      0.10723270030173232,
      0.1332285203860924,
      0.8328566644348716
    ],
    "initial_pos": [
      0.08583280666394519,
      0.13878315888441786,
      0.8306435964035684
    ],
    "initial_rot": [
      [
        0.4586736544434427,
        -0.8886047933246237,
        0.0
      ],
      [
        0.8886047933246237,
        0.4586736544434427,
        0.0
      ],
      [
        0.0,
        0.0,
        1.0
      ]
    ],
    "keypoint_offset": [
      0.021399893637787132,
      -0.005554638498325465,
      0.002213068031303167
    ]
  },
  "567": {
    "geom_id": 121,
    "geom_name": "red_cube_g0_vis",
    "body_id": 23,
    "body_name": "red_cube_main",
    "initial_keypoint": [
      0.0943150079239416,
      0.1543821476714892,
      0.851969947098507
    ],
    "initial_pos": [
      0.08583280666394519,
      0.13878315888441786,
      0.8306435964035684
    ],
    "initial_rot": [
      [
        0.4586736544434427,
        -0.8886047933246237,
        0.0
      ],
      [
        0.8886047933246237,
        0.4586736544434427,
        0.0
      ],
      [
        0.0,
        0.0,
        1.0
      ]
    ],
    "keypoint_offset": [
      0.008482201259996408,
      0.015598988787071333,
      0.0213263506949386
    ]
  }
}