{
  "257": {
    "geom_id": 117,
    "geom_name": "dark_cube_g0_vis",
    "body_id": 21,
    "body_name": "dark_cube_main",
    "initial_keypoint": [
      0.14760953407947386,
      -0.12450284147401387,
      0.8520338176134057
    ],
    "initial_pos": [
      0.13735447958753963,
      -0.10615540243351644,
      0.8306953846916381
    ],
    "initial_rot": [
      [
        0.7370976057229215,
        0.6757862973141261,
        0.0
      ],
      [
        -0.6757862973141261,
        0.7370976057229215,
        0.0
      ],
      [
        0.0,
        0.0,
        1.0
      ]
    ],
    "keypoint_offset": [
      0.010255054491934229,
      -0.018347439040497432,
      0.021338432921767625
    ]
  },
  "276": {
    "geom_id": 119,
    "geom_name": "blue_cube_g0_vis",
    "body_id": 22,
    "body_name": "blue_cube_main",
    "initial_keypoint": [
      -0.014034729330160811,
      -0.12529471813576482,
      0.837356649858422
    ],
    "initial_pos": [
      -0.015974413242688612,
      -0.10090112166061097,
      0.8302768354862624
    ],
    "initial_rot": [
      [
        -0.8526461658098852,
        0.5224887711039364,
        0.0
      ],
      [
        -0.5224887711039364,
        -0.8526461658098852,
        0.0
      ],
      [
        0.0,
        0.0,
        1.0
      ]
    ],
    "keypoint_offset": [
      0.001939683912527801,
      -0.02439359647515385,
      0.007079814372159543
    ]
  },
  "280": {
    "geom_id": 117,
    "geom_name": "dark_cube_g0_vis",
    "body_id": 21,
    "body_name": "dark_cube_main",
    "initial_keypoint": [
      0.12181163042663234,
      -0.10690273211007228,
      0.8520522455322634
    ],
    "initial_pos": [
      0.13735447958753963,
      -0.10615540243351644,
      0.8306953846916381
    ],
    "initial_rot": [
      [
        0.7370976057229215,
        0.6757862973141261,
        0.0
      ],
      [
        -0.6757862973141261,
        0.7370976057229215,
        0.0
      ],
      [
        0.0,
        0.0,
        1.0
      ]
    ],
    "keypoint_offset": [
      -0.015542849160907285,
      -0.000747329676555844,
      0.02135686084062538
    ]
  },
  "281": {
    "geom_id": 117,
    "geom_name": "dark_cube_g0_vis",
    "body_id": 21,
    "body_name": "dark_cube_main",
    "initial_keypoint": [
      0.14760953407947386,
      -0.10375236789501156,
      0.8520338176134057
    ],
    "initial_pos": [
      0.13735447958753963,
      -0.10615540243351644,
      0.8306953846916381
    ],
    "initial_rot": [
      [
        0.7370976057229215,
        0.6757862973141261,
        0.0
      ],
      [
        -0.6757862973141261,
        0.7370976057229215,
        0.0
      ],
      [
        0.0,
        0.0,
        1.0
      ]
    ],
    "keypoint_offset": [
      0.010255054491934229,
      0.002403034538504878,
      0.021338432921767625
    ]
  },
  "282": {
    "geom_id": 117,
    "geom_name": "dark_cube_g0_vis",
    "body_id": 21,
    "body_name": "dark_cube_main",
    "initial_keypoint": [
      0.1632076365937477,
      -0.10346200406638371,
      0.8387758847728726
    ],
    "initial_pos": [
      0.13735447958753963,
      -0.10615540243351644,
      0.8306953846916381
    ],
    "initial_rot": [
      [
        0.7370976057229215,
        0.6757862973141261,
        0.0
      ],
      [
        -0.6757862973141261,
        0.7370976057229215,
        0.0
      ],
      [
        0.0,
        0.0,
        1.0
      ]
    ],
    "keypoint_offset": [
      0.025853157006208077,
      0.0026933983671327266,
      0.00808050008123451
    ]
  },
  "299": {
    "geom_id": 119,
    "geom_name": "blue_cube_g0_vis",
    "body_id": 22,
    "body_name": "blue_cube_main",
    "initial_keypoint": [
      -0.035774673616880026,
      -0.10099822182008511,
      0.8513355201284718
    ],
    "initial_pos": [
      -0.015974413242688612,
      -0.10090112166061097,
      0.8302768354862624
    ],
    "initial_rot": [
      [
        -0.8526461658098852,
        0.5224887711039364,
        0.0
      ],
      [
        -0.5224887711039364,
        -0.8526461658098852,
        0.0
      ],
      [
        0.0,
        0.0,
        1.0
      ]
    ],
    "keypoint_offset": [
      -0.019800260374191414,
      -9.710015947414496e-05,
      0.02105868464220939
    ]
  },
  "300": {
    "geom_id": 119,
    "geom_name": "blue_cube_g0_vis",
    "body_id": 22,
    "body_name": "blue_cube_main",
    "initial_keypoint": [
      -4.44647659358921e-05,
      -0.0975077000728576,
      0.8513090458471466
    ],
    "initial_pos": [
      -0.015974413242688612,
      -0.10090112166061097,
      0.8302768354862624
    ],
    "initial_rot": [
      [
        -0.8526461658098852,
        0.5224887711039364,
        0.0
      ],
      [
        -0.5224887711039364,
        -0.8526461658098852,
        0.0
      ],
      [
        0.0,
        0.0,
        1.0
      ]
    ],
    "keypoint_offset": [
      0.01592994847675272,
      0.0033934215877533674,
      0.021032210360884207
    ]
  },
  "301": {
    "geom_id": 119,
    "geom_name": "blue_cube_g0_vis",
    "body_id": 22,
    "body_name": "blue_cube_main",
    "initial_keypoint": [
      0.007110128268910498,
      -0.09953913998074343,
      0.8232994693099043
    ],
    "initial_pos": [
      -0.015974413242688612,
      -0.10090112166061097,
      0.8302768354862624
    ],
    "initial_rot": [
      [
        -0.8526461658098852,
        0.5224887711039364,
        0.0
      ],
      [
        -0.5224887711039364,
        -0.8526461658098852,
        0.0
      ],
      [
        0.0,
        0.0,
        1.0
      ]
    ],
    "keypoint_offset": [
      0.02308454151159911,
      0.0013619816798675355,
      -0.006977366176358135
    ]
  },
  "305": {
    "geom_id": 117,
    "geom_name": "dark_cube_g0_vis",
    "body_id": 21,
    "body_name": "dark_cube_main",
    "initial_keypoint": [
      0.14225121492502324,
      -0.084263990437161,
      0.8444619279302368
    ],
    "initial_pos": [
      0.13735447958753963,
      -0.10615540243351644,
      0.8306953846916381
    ],
    "initial_rot": [
      [
        0.7370976057229215,
        0.6757862973141261,
        0.0
      ],
      [
        -0.6757862973141261,
        0.7370976057229215,
        0.0
      ],
      [
        0.0,
        0.0,
        1.0
      ]
    ],
    "keypoint_offset": [
      0.00489673533748361,
      0.021891411996355442,
      0.013766543238598716
    ]
  },
  "306": {
    "geom_id": 117,
    "geom_name": "dark_cube_g0_vis",
    "body_id": 21,
    "body_name": "dark_cube_main",
    "initial_keypoint": [
      0.1453656995460812,
      -0.08715441185080348,
      0.8116932383943113
    ],
    "initial_pos": [
      0.13735447958753963,
      -0.10615540243351644,
      0.8306953846916381
    ],
    "initial_rot": [
      [
        0.7370976057229215,
        0.6757862973141261,
        0.0
      ],
      [
        -0.6757862973141261,
        0.7370976057229215,
        0.0
      ],
      [
        0.0,
        0.0,
        1.0
      ]
    ],
    "keypoint_offset": [
      0.008011219958541566,
      0.019000990582712957,
      -0.019002146297326772
    ]
  },
  "312": {
    "geom_id": 75,
    "geom_name": "gripper0_right_wiping_surface_vis",
    "body_id": 14,
    "body_name": "gripper0_right_wiping_gripper",
    "initial_keypoint": [
      -0.10456056625568888,
      -0.06256923056204869,
      1.1005421631516819
    ],
    "initial_pos": [
      -0.12565033986933194,
      -0.0012604705128933186,
      1.0872132974626483
    ],
    "initial_rot": [
      [
        0.03731752119733385,
        0.9957557604152449,
        0.08413006722652971
      ],
      [
        0.9992880313706312,
        -0.037652267771919365,
        0.0023952225442522776
      ],
      [
        0.005552744464798552,
        0.08398078548981042,
        -0.9964519028520239
      ]
    ],
    "keypoint_offset": [
      0.02108977361364306,
      -0.06130876004915537,
      0.013328865689033575
    ]
  },
  "324": {
    "geom_id": 119,
    "geom_name": "blue_cube_g0_vis",
    "body_id": 22,
    "body_name": "blue_cube_main",
    "initial_keypoint": [
      -0.008325213108633212,
      -0.07434182244543348,
      0.8430507116726998
    ],
    "initial_pos": [
      -0.015974413242688612,
      -0.10090112166061097,
      0.8302768354862624
    ],
    "initial_rot": [
      [
        -0.8526461658098852,
        0.5224887711039364,
        0.0
      ],
      [
        -0.5224887711039364,
        -0.8526461658098852,
        0.0
      ],
      [
        0.0,
        0.0,
        1.0
      ]
    ],
    "keypoint_offset": [
      0.0076492001340554006,
      0.02655929921517748,
      0.012773876186437438
    ]
  },
  "336": {
    "geom_id": 75,
    "geom_name": "gripper0_right_wiping_surface_vis",
    "body_id": 14,
    "body_name": "gripper0_right_wiping_gripper",
    "initial_keypoint": [
      -0.10379606610280279,
      -0.0416600722145747,
      1.1008576163338013
    ],
    "initial_pos": [
      -0.12565033986933194,
      -0.0012604705128933186,
      1.0872132974626483
    ],
    "initial_rot": [
      [
        0.03731752119733385,
        0.9957557604152449,
        0.08413006722652971
      ],
      [
        0.9992880313706312,
        -0.037652267771919365,
        0.0023952225442522776
      ],
      [
        0.005552744464798552,
        0.08398078548981042,
        -0.9964519028520239
      ]
    ],
    "keypoint_offset": [
      0.021854273766529153,
      -0.04039960170168138,
      0.013644318871153027
    ]
  },
  "337": {
    "geom_id": 75,
    "geom_name": "gripper0_right_wiping_surface_vis",
    "body_id": 14,
    "body_name": "gripper0_right_wiping_gripper",
    "initial_keypoint": [
      -0.1021080154721824,
      -0.042580916255576744,
      1.0802756181849877
    ],
    "initial_pos": [
      -0.12565033986933194,
      -0.0012604705128933186,
      1.0872132974626483
    ],
    "initial_rot": [
      [
        0.03731752119733385,
        0.9957557604152449,
        0.08413006722652971
      ],
      [
        0.9992880313706312,
        -0.037652267771919365,
        0.0023952225442522776
      ],
      [
        0.005552744464798552,
        0.08398078548981042,
        -0.9964519028520239
      ]
    ],
    "keypoint_offset": [
      0.02354232439714954,
      -0.041320445742683426,
      -0.006937679277660536
    ]
  },
  "360": {
    "geom_id": 75,
    "geom_name": "gripper0_right_wiping_surface_vis",
    "body_id": 14,
    "body_name": "gripper0_right_wiping_gripper",
    "initial_keypoint": [
      -0.10303353400554072,
      -0.020803729922118812,
      1.1011722574436051
    ],
    "initial_pos": [
      -0.12565033986933194,
      -0.0012604705128933186,
      1.0872132974626483
    ],
    "initial_rot": [
      [
        0.03731752119733385,
        0.9957557604152449,
        0.08413006722652971
      ],
      [
        0.9992880313706312,
        -0.037652267771919365,
        0.0023952225442522776
      ],
      [
        0.005552744464798552,
        0.08398078548981042,
        -0.9964519028520239
      ]
    ],
    "keypoint_offset": [
      0.022616805863791223,
      -0.019543259409225494,
      0.013958959980956864
    ]
  },
  "361": {
    "geom_id": 75,
    "geom_name": "gripper0_right_wiping_surface_vis",
    "body_id": 14,
    "body_name": "gripper0_right_wiping_gripper",
    "initial_keypoint": [
      -0.10133083567836043,
      -0.021262977155217112,
      1.080623768905558
    ],
    "initial_pos": [
      -0.12565033986933194,
      -0.0012604705128933186,
      1.0872132974626483
    ],
    "initial_rot": [
      [
        0.03731752119733385,
        0.9957557604152449,
        0.08413006722652971
      ],
      [
        0.9992880313706312,
        -0.037652267771919365,
        0.0023952225442522776
      ],
      [
        0.005552744464798552,
        0.08398078548981042,
        -0.9964519028520239
      ]
    ],
    "keypoint_offset": [
      0.024319504190971508,
      -0.020002506642323795,
      -0.006589528557090274
    ]
  },
  "384": {
    "geom_id": 75,
    "geom_name": "gripper0_right_wiping_surface_vis",
    "body_id": 14,
    "body_name": "gripper0_right_wiping_gripper",
    "initial_keypoint": [
      -0.10227285068780434,
      0.0,
      1.1014861356975978
    ],
    "initial_pos": [
      -0.12565033986933194,
      -0.0012604705128933186,
      1.0872132974626483
    ],
    "initial_rot": [
      [
        0.03731752119733385,
        0.9957557604152449,
        0.08413006722652971
      ],
      [
        0.9992880313706312,
        -0.037652267771919365,
        0.0023952225442522776
      ],
      [
        0.005552744464798552,
        0.08398078548981042,
        -0.9964519028520239
      ]
    ],
    "keypoint_offset": [
      0.0233774891815276,
      0.0012604705128933186,
      0.014272838234949514
    ]
  },
  "385": {
    "geom_id": 75,
    "geom_name": "gripper0_right_wiping_surface_vis",
    "body_id": 14,
    "body_name": "gripper0_right_wiping_gripper",
    "initial_keypoint": [
      -0.10055563418153568,
      0.0,
      1.0809710334148157
    ],
    "initial_pos": [
      -0.12565033986933194,
      -0.0012604705128933186,
      1.0872132974626483
    ],
    "initial_rot": [
      [
        0.03731752119733385,
        0.9957557604152449,
        0.08413006722652971
      ],
      [
        0.9992880313706312,
        -0.037652267771919365,
        0.0023952225442522776
      ],
      [
        0.005552744464798552,
        0.08398078548981042,
        -0.9964519028520239
      ]
    ],
    "keypoint_offset": [
      0.02509470568779626,
      0.0012604705128933186,
      -0.006242264047832569
    ]
  },
  "408": {
    "geom_id": 75,
    "geom_name": "gripper0_right_wiping_surface_vis",
    "body_id": 14,
    "body_name": "gripper0_right_wiping_gripper",
    "initial_keypoint": [
      -0.10151419506374126,
      0.02075131506419971,
      1.1017991772710232
    ],
    "initial_pos": [
      -0.12565033986933194,
      -0.0012604705128933186,
      1.0872132974626483
    ],
    "initial_rot": [
      [
        0.03731752119733385,
        0.9957557604152449,
        0.08413006722652971
      ],
      [
        0.9992880313706312,
        -0.037652267771919365,
        0.0023952225442522776
      ],
      [
        0.005552744464798552,
        0.08398078548981042,
        -0.9964519028520239
      ]
    ],
    "keypoint_offset": [
      0.024136144805590676,
      0.02201178557709303,
      0.01458587980837489
    ]
  },
  "409": {
    "geom_id": 75,
    "geom_name": "gripper0_right_wiping_surface_vis",
    "body_id": 14,
    "body_name": "gripper0_right_wiping_gripper",
    "initial_keypoint": [
      -0.0997803163142994,
      0.021208150999861945,
      1.0813183500541506
    ],
    "initial_pos": [
      -0.12565033986933194,
      -0.0012604705128933186,
      1.0872132974626483
    ],
    "initial_rot": [
      [
        0.03731752119733385,
        0.9957557604152449,
        0.08413006722652971
      ],
      [
        0.9992880313706312,
        -0.037652267771919365,
        0.0023952225442522776
      ],
      [
        0.005552744464798552,
        0.08398078548981042,
        -0.9964519028520239
      ]
    ],
    "keypoint_offset": [
      0.02587002355503254,
      0.022468621512755263,
      -0.005894947408497719
    ]
  },
  "432": {
    "geom_id": 75,
    "geom_name": "gripper0_right_wiping_surface_vis",
    "body_id": 14,
    "body_name": "gripper0_right_wiping_gripper",
    "initial_keypoint": [
      -0.10075738821920377,
      0.04145041278289829,
      1.1021114559886371
    ],
    "initial_pos": [
      -0.12565033986933194,
      -0.0012604705128933186,
      1.0872132974626483
    ],
    "initial_rot": [
      [
        0.03731752119733385,
        0.9957557604152449,
        0.08413006722652971
      ],
      [
        0.9992880313706312,
        -0.037652267771919365,
        0.0023952225442522776
      ],
      [
        0.005552744464798552,
        0.08398078548981042,
        -0.9964519028520239
      ]
    ],
    "keypoint_offset": [
      0.02489295165012817,
      0.042710883295791605,
      0.014898158525988858
    ]
  },
  "433": {
    "geom_id": 75,
    "geom_name": "gripper0_right_wiping_surface_vis",
    "body_id": 14,
    "body_name": "gripper0_right_wiping_gripper",
    "initial_keypoint": [
      -0.09900912959667452,
      0.0423617638833116,
      1.0816638160757452
    ],
    "initial_pos": [
      -0.12565033986933194,
      -0.0012604705128933186,
      1.0872132974626483
    ],
    "initial_rot": [
      [
        0.03731752119733385,
        0.9957557604152449,
        0.08413006722652971
      ],
      [
        0.9992880313706312,
        -0.037652267771919365,
        0.0023952225442522776
      ],
      [
        0.005552744464798552,
        0.08398078548981042,
        -0.9964519028520239
      ]
    ],
    "keypoint_offset": [
      0.026641210272657423,
      0.04362223439620492,
      -0.005549481386903032
    ]
  }
}