{
  "250": {
    "geom_id": 125,
    "geom_name": "blue_cube_g0_vis",
    "body_id": 25,
    "body_name": "blue_cube_main",
    "initial_keypoint": [
      -0.07263742198388612,
      -0.15670578457013215,
      0.8526844874624975
    ],
    "initial_pos": [
      -0.0852035670347598,
      -0.13854745983050534,
      0.8309384761621716
    ],
    "initial_rot": [
      [
        0.8309497113212092,
        0.5563475328022937,
        0.0
      ],
      [
        -0.5563475328022937,
        0.8309497113212092,
        0.0
      ],
      [
        0.0,
        0.0,
        1.0
      ]
    ],
    "keypoint_offset": [
      0.012566145050873681,
      -0.018158324739626808,
      0.02174601130032583
    ]
  },
  "251": {
    "geom_id": 125,
    "geom_name": "blue_cube_g0_vis",
    "body_id": 25,
    "body_name": "blue_cube_main",
    "initial_keypoint": [
      -0.07544339914083731,
      -0.16271418639197216,
      0.8144144311807031
    ],
    "initial_pos": [
      -0.0852035670347598,
      -0.13854745983050534,
      0.8309384761621716
    ],
    "initial_rot": [
      [
        0.8309497113212092,
        0.5563475328022937,
        0.0
      ],
      [
        -0.5563475328022937,
        0.8309497113212092,
        0.0
      ],
      [
        0.0,
        0.0,
        1.0
      ]
    ],
    "keypoint_offset": [
      0.009760167893922492,
      -0.024166726561466817,
      -0.016524044981468533
    ]
  },
  "274": {
    "geom_id": 125,
    "geom_name": "blue_cube_g0_vis",
    "body_id": 25,
    "body_name": "blue_cube_main",
    "initial_keypoint": [
      -0.07263742198388612,
      -0.13058815380844346,
      0.8526844874624975
    ],
    "initial_pos": [
      -0.0852035670347598,
      -0.13854745983050534,
      0.8309384761621716
    ],
    "initial_rot": [
      [
        0.8309497113212092,
        0.5563475328022937,
        0.0
      ],
      [
        -0.5563475328022937,
        0.8309497113212092,
        0.0
      ],
      [
        0.0,
        0.0,
        1.0
      ]
    ],
    "keypoint_offset": [
      0.012566145050873681,
      0.00795930602206188,
      0.02174601130032583
    ]
  },
  "275": {
    "geom_id": 125,
    "geom_name": "blue_cube_g0_vis",
    "body_id": 25,
    "body_name": "blue_cube_main",
    "initial_keypoint": [
      -0.05892241071701554,
      -0.13170221642974683,
      0.8297911007117824
    ],
    "initial_pos": [
      -0.0852035670347598,
      -0.13854745983050534,
      0.8309384761621716
    ],
    "initial_rot": [
      [
        0.8309497113212092,
        0.5563475328022937,
        0.0
      ],
      [
        -0.5563475328022937,
        0.8309497113212092,
        0.0
      ],
      [
        0.0,
        0.0,
        1.0
      ]
    ],
    "keypoint_offset": [
      0.02628115631774426,
      0.0068452434007585106,
      -0.001147375450389232
    ]
  },
  "312": {
    "geom_id": 75,
    "geom_name": "gripper0_right_wiping_surface_vis",
    "body_id": 14,
    "body_name": "gripper0_right_wiping_gripper",
    "initial_keypoint": [
      -0.07809111268238178,
      -0.05982976418610374,
      1.1114641666687979
    ],
    "initial_pos": [
      -0.0993707963981659,
      -0.014265393723961461,
      1.108829719550907
    ],
    "initial_rot": [
      [
        0.06857035394330624,
        0.9840694470897523,
        0.1640287470675666
      ],
      [
        0.9976052298399768,
        -0.06912596478679145,
        -0.002325164127357976
      ],
      [
        0.009050522416612056,
        0.16379537324589266,
        -0.9864528188145756
      ]
    ],
    "keypoint_offset": [
      0.02127968371578412,
      -0.045564370462142276,
      0.002634447117890959
    ]
  },
  "327": {
    "geom_id": 119,
    "geom_name": "green_cube_g0_vis",
    "body_id": 22,
    "body_name": "green_cube_main",
    "initial_keypoint": [
      0.09164584769829182,
      -0.06659909494270384,
      0.8486932126016743
    ],
    "initial_pos": [
      0.08061208573930762,
      -0.041721257537479586,
      0.8311099575709633
    ],
    "initial_rot": [
      [
        0.9206483986909195,
        0.39039278424151974,
        0.0
      ],
      [
        -0.39039278424151974,
        0.9206483986909195,
        0.0
      ],
      [
        0.0,
        0.0,
        1.0
      ]
    ],
    "keypoint_offset": [
      0.0110337619589842,
      -0.024877837405224257,
      0.01758325503071101
    ]
  },
  "328": {
    "geom_id": 119,
    "geom_name": "green_cube_g0_vis",
    "body_id": 22,
    "body_name": "green_cube_main",
    "initial_keypoint": [
      0.08283222034870424,
      -0.07075263913058734,
      0.800729382958046
    ],
    "initial_pos": [
      0.08061208573930762,
      -0.041721257537479586,
      0.8311099575709633
    ],
    "initial_rot": [
      [
        0.9206483986909195,
        0.39039278424151974,
        0.0
      ],
      [
        -0.39039278424151974,
        0.9206483986909195,
        0.0
      ],
      [
        0.0,
        0.0,
        1.0
      ]
    ],
    "keypoint_offset": [
      0.002220134609396629,
      -0.029031381593107752,
      -0.03038057461291732
    ]
  },
  "336": {
    "geom_id": 75,
    "geom_name": "gripper0_right_wiping_surface_vis",
    "body_id": 14,
    "body_name": "gripper0_right_wiping_gripper",
    "initial_keypoint": [
      -0.0767731117947319,
      -0.039795571448294924,
      1.1120080090375346
    ],
    "initial_pos": [
      -0.0993707963981659,
      -0.014265393723961461,
      1.108829719550907
    ],
    "initial_rot": [
      [
        0.06857035394330624,
        0.9840694470897523,
        0.1640287470675666
      ],
      [
        0.9976052298399768,
        -0.06912596478679145,
        -0.002325164127357976
      ],
      [
        0.009050522416612056,
        0.16379537324589266,
        -0.9864528188145756
      ]
    ],
    "keypoint_offset": [
      0.022597684603434004,
      -0.025530177724333462,
      0.0031782894866276834
    ]
  },
  "350": {
    "geom_id": 119,
    "geom_name": "green_cube_g0_vis",
    "body_id": 22,
    "body_name": "green_cube_main",
    "initial_keypoint": [
      0.06593874178081616,
      -0.04544970594460935,
      0.852924990796037
    ],
    "initial_pos": [
      0.08061208573930762,
      -0.041721257537479586,
      0.8311099575709633
    ],
    "initial_rot": [
      [
        0.9206483986909195,
        0.39039278424151974,
        0.0
      ],
      [
        -0.39039278424151974,
        0.9206483986909195,
        0.0
      ],
      [
        0.0,
        0.0,
        1.0
      ]
    ],
    "keypoint_offset": [
      -0.014673343958491458,
      -0.0037284484071297627,
      0.02181503322507372
    ]
  },
  "351": {
    "geom_id": 119,
    "geom_name": "green_cube_g0_vis",
    "body_id": 22,
    "body_name": "green_cube_main",
    "initial_keypoint": [
      0.09507369461637016,
      -0.044026694810599655,
      0.8529013317465618
    ],
    "initial_pos": [
      0.08061208573930762,
      -0.041721257537479586,
      0.8311099575709633
    ],
    "initial_rot": [
      [
        0.9206483986909195,
        0.39039278424151974,
        0.0
      ],
      [
        -0.39039278424151974,
        0.9206483986909195,
        0.0
      ],
      [
        0.0,
        0.0,
        1.0
      ]
    ],
    "keypoint_offset": [
      0.014461608877062548,
      -0.0023054372731200687,
      0.02179137417559851
    ]
  },
  "352": {
    "geom_id": 119,
    "geom_name": "green_cube_g0_vis",
    "body_id": 22,
    "body_name": "green_cube_main",
    "initial_keypoint": [
      0.10073386348617941,
      -0.04514431882768957,
      0.8242998671896061
    ],
    "initial_pos": [
      0.08061208573930762,
      -0.041721257537479586,
      0.8311099575709633
    ],
    "initial_rot": [
      [
        0.9206483986909195,
        0.39039278424151974,
        0.0
      ],
      [
        -0.39039278424151974,
        0.9206483986909195,
        0.0
      ],
      [
        0.0,
        0.0,
        1.0
      ]
    ],
    "keypoint_offset": [
      0.020121777746871794,
      -0.003423061290209986,
      -0.006810090381357159
    ]
  },
  "360": {
    "geom_id": 75,
    "geom_name": "gripper0_right_wiping_surface_vis",
    "body_id": 14,
    "body_name": "gripper0_right_wiping_gripper",
    "initial_keypoint": [
      -0.07546119398810192,
      -0.019852526576537775,
      1.1125493413645693
    ],
    "initial_pos": [
      -0.0993707963981659,
      -0.014265393723961461,
      1.108829719550907
    ],
    "initial_rot": [
      [
        0.06857035394330624,
        0.9840694470897523,
        0.1640287470675666
      ],
      [
        0.9976052298399768,
        -0.06912596478679145,
        -0.002325164127357976
      ],
      [
        0.009050522416612056,
        0.16379537324589266,
        -0.9864528188145756
      ]
    ],
    "keypoint_offset": [
      0.023909602410063985,
      -0.005587132852576313,
      0.003719621813662366
    ]
  },
  "375": {
    "geom_id": 119,
    "geom_name": "green_cube_g0_vis",
    "body_id": 22,
    "body_name": "green_cube_main",
    "initial_keypoint": [
      0.08752966868254852,
      -0.022423469596690858,
      0.8436400780440657
    ],
    "initial_pos": [
      0.08061208573930762,
      -0.041721257537479586,
      0.8311099575709633
    ],
    "initial_rot": [
      [
        0.9206483986909195,
        0.39039278424151974,
        0.0
      ],
      [
        -0.39039278424151974,
        0.9206483986909195,
        0.0
      ],
      [
        0.0,
        0.0,
        1.0
      ]
    ],
    "keypoint_offset": [
      0.0069175829432409075,
      0.01929778794078873,
      0.012530120473102424
    ]
  },
  "384": {
    "geom_id": 75,
    "geom_name": "gripper0_right_wiping_surface_vis",
    "body_id": 14,
    "body_name": "gripper0_right_wiping_gripper",
    "initial_keypoint": [
      -0.07415702912786992,
      0.0,
      1.113087474618847
    ],
    "initial_pos": [
      -0.0993707963981659,
      -0.014265393723961461,
      1.108829719550907
    ],
    "initial_rot": [
      [
        0.06857035394330624,
        0.9840694470897523,
        0.1640287470675666
      ],
      [
        0.9976052298399768,
        -0.06912596478679145,
        -0.002325164127357976
      ],
      [
        0.009050522416612056,
        0.16379537324589266,
        -0.9864528188145756
      ]
    ],
    "keypoint_offset": [
      0.025213767270295978,
      0.014265393723961461,
      0.004257755067940128
    ]
  },
  "394": {
    "geom_id": 121,
    "geom_name": "light_cube_g0_vis",
    "body_id": 23,
    "body_name": "light_cube_main",
    "initial_keypoint": [
      -0.07475071722877225,
      0.0,
      0.8508491646779464
    ],
    "initial_pos": [
      -0.09104182788769893,
      0.011666963788274448,
      0.8300188143091938
    ],
    "initial_rot": [
      [
        0.1137547607074712,
        -0.9935088597573681,
        0.0
      ],
      [
        0.9935088597573681,
        0.1137547607074712,
        0.0
      ],
      [
        0.0,
        0.0,
        1.0
      ]
    ],
    "keypoint_offset": [
      0.01629111065892669,
      -0.011666963788274448,
      0.02083035036875258
    ]
  },
  "395": {
    "geom_id": 121,
    "geom_name": "light_cube_g0_vis",
    "body_id": 23,
    "body_name": "light_cube_main",
    "initial_keypoint": [
      -0.0726253108766024,
      0.0,
      0.8170373258185367
    ],
    "initial_pos": [
      -0.09104182788769893,
      0.011666963788274448,
      0.8300188143091938
    ],
    "initial_rot": [
      [
        0.1137547607074712,
        -0.9935088597573681,
        0.0
      ],
      [
        0.9935088597573681,
        0.1137547607074712,
        0.0
      ],
      [
        0.0,
        0.0,
        1.0
      ]
    ],
    "keypoint_offset": [
      0.018416517011096534,
      -0.011666963788274448,
      -0.012981488490657056
    ]
  },
  "408": {
    "geom_id": 75,
    "geom_name": "gripper0_right_wiping_surface_vis",
    "body_id": 14,
    "body_name": "gripper0_right_wiping_gripper",
    "initial_keypoint": [
      -0.07285691965498442,
      0.019762683115413134,
      1.11362393451199
    ],
    "initial_pos": [
      -0.0993707963981659,
      -0.014265393723961461,
      1.108829719550907
    ],
    "initial_rot": [
      [
        0.06857035394330624,
        0.9840694470897523,
        0.1640287470675666
      ],
      [
        0.9976052298399768,
        -0.06912596478679145,
        -0.002325164127357976
      ],
      [
        0.009050522416612056,
        0.16379537324589266,
        -0.9864528188145756
      ]
    ],
    "keypoint_offset": [
      0.02651387674318148,
      0.034028076839374595,
      0.004794214961083121
    ]
  },
  "418": {
    "geom_id": 121,
    "geom_name": "light_cube_g0_vis",
    "body_id": 23,
    "body_name": "light_cube_main",
    "initial_keypoint": [
      -0.07475319825759885,
      0.026214129979814756,
      0.8508470099914465
    ],
    "initial_pos": [
      -0.09104182788769893,
      0.011666963788274448,
      0.8300188143091938
    ],
    "initial_rot": [
      [
        0.1137547607074712,
        -0.9935088597573681,
        0.0
      ],
      [
        0.9935088597573681,
        0.1137547607074712,
        0.0
      ],
      [
        0.0,
        0.0,
        1.0
      ]
    ],
    "keypoint_offset": [
      0.016288629630100082,
      0.014547166191540308,
      0.020828195682252693
    ]
  },
  "419": {
    "geom_id": 121,
    "geom_name": "light_cube_g0_vis",
    "body_id": 23,
    "body_name": "light_cube_main",
    "initial_keypoint": [
      -0.06954846892703159,
      0.02684121956234713,
      0.8199010516831279
    ],
    "initial_pos": [
      -0.09104182788769893,
      0.011666963788274448,
      0.8300188143091938
    ],
    "initial_rot": [
      [
        0.1137547607074712,
        -0.9935088597573681,
        0.0
      ],
      [
        0.9935088597573681,
        0.1137547607074712,
        0.0
      ],
      [
        0.0,
        0.0,
        1.0
      ]
    ],
    "keypoint_offset": [
      0.02149335896066734,
      0.015174255774072682,
      -0.010117762626065896
    ]
  },
  "432": {
    "geom_id": 75,
    "geom_name": "gripper0_right_wiping_surface_vis",
    "body_id": 14,
    "body_name": "gripper0_right_wiping_gripper",
    "initial_keypoint": [
      -0.07156086556944563,
      0.039435942483589816,
      1.1141587210439985
    ],
    "initial_pos": [
      -0.0993707963981659,
      -0.014265393723961461,
      1.108829719550907
    ],
    "initial_rot": [
      [
        0.06857035394330624,
        0.9840694470897523,
        0.1640287470675666
      ],
      [
        0.9976052298399768,
        -0.06912596478679145,
        -0.002325164127357976
      ],
      [
        0.009050522416612056,
        0.16379537324589266,
        -0.9864528188145756
      ]
    ],
    "keypoint_offset": [
      0.02780993082872027,
      0.05370133620755128,
      0.0053290014930915675
    ]
  },
  "443": {
    "geom_id": 117,
    "geom_name": "dark_cube_g0_vis",
    "body_id": 21,
    "body_name": "dark_cube_main",
    "initial_keypoint": [
      -0.034891016902710126,
      0.05041582239228933,
      0.8521579707545563
    ],
    "initial_pos": [
      -0.03934649033293189,
      0.052475543748512626,
      0.8306886982913362
    ],
    "initial_rot": [
      [
        -0.11024833817502638,
        -0.993904071794479,
        0.0
      ],
      [
        0.993904071794479,
        -0.11024833817502638,
        0.0
      ],
      [
        0.0,
        0.0,
        1.0
      ]
    ],
    "keypoint_offset": [
      0.0044554734302217625,
      -0.0020597213562232944,
      0.021469272463220168
    ]
  },
  "444": {
    "geom_id": 117,
    "geom_name": "dark_cube_g0_vis",
    "body_id": 21,
    "body_name": "dark_cube_main",
    "initial_keypoint": [
      -0.017936229267942694,
      0.050498279711950256,
      0.8334657104246448
    ],
    "initial_pos": [
      -0.03934649033293189,
      0.052475543748512626,
      0.8306886982913362
    ],
    "initial_rot": [
      [
        -0.11024833817502638,
        -0.993904071794479,
        0.0
      ],
      [
        0.993904071794479,
        -0.11024833817502638,
        0.0
      ],
      [
        0.0,
        0.0,
        1.0
      ]
    ],
    "keypoint_offset": [
      0.021410261064989194,
      -0.0019772640365623706,
      0.0027770121333086095
    ]
  },
  "494": {
    "geom_id": 123,
    "geom_name": "red_cube_g0_vis",
    "body_id": 24,
    "body_name": "red_cube_main",
    "initial_keypoint": [
      0.06742346863744392,
      0.09058848619491165,
      0.8546252591382324
    ],
    "initial_pos": [
      0.07830154915681062,
      0.1031270742873133,
      0.8319615673835818
    ],
    "initial_rot": [
      [
        0.6805493558288818,
        0.7327022412145975,
        0.0
      ],
      [
        -0.7327022412145975,
        0.6805493558288818,
        0.0
      ],
      [
        0.0,
        0.0,
        1.0
      ]
    ],
    "keypoint_offset": [
      -0.0108780805193667,
      -0.012538588092401645,
      0.02266369175465055
    ]
  },
  "495": {
    "geom_id": 123,
    "geom_name": "red_cube_g0_vis",
    "body_id": 24,
    "body_name": "red_cube_main",
    "initial_keypoint": [
      0.09247628926520757,
      0.08861820929912423,
      0.8497126855069602
    ],
    "initial_pos": [
      0.07830154915681062,
      0.1031270742873133,
      0.8319615673835818
    ],
    "initial_rot": [
      [
        0.6805493558288818,
        0.7327022412145975,
        0.0
      ],
      [
        -0.7327022412145975,
        0.6805493558288818,
        0.0
      ],
      [
        0.0,
        0.0,
        1.0
      ]
    ],
    "keypoint_offset": [
      0.01417474010839695,
      -0.014508864988189069,
      0.017751118123378373
    ]
  },
  "496": {
    "geom_id": 123,
    "geom_name": "red_cube_g0_vis",
    "body_id": 24,
    "body_name": "red_cube_main",
    "initial_keypoint": [
      0.09553325826793635,
      0.09146468419976812,
      0.8174524073028342
    ],
    "initial_pos": [
      0.07830154915681062,
      0.1031270742873133,
      0.8319615673835818
    ],
    "initial_rot": [
      [
        0.6805493558288818,
        0.7327022412145975,
        0.0
      ],
      [
        -0.7327022412145975,
        0.6805493558288818,
        0.0
      ],
      [
        0.0,
        0.0,
        1.0
      ]
    ],
    "keypoint_offset": [
      0.01723170911112573,
      -0.011662390087545174,
      -0.014509160080747652
    ]
  },
  "518": {
    "geom_id": 123,
    "geom_name": "red_cube_g0_vis",
    "body_id": 24,
    "body_name": "red_cube_main",
    "initial_keypoint": [
      0.06742346863744392,
      0.11323560774363955,
      0.8546252591382324
    ],
    "initial_pos": [
      0.07830154915681062,
      0.1031270742873133,
      0.8319615673835818
    ],
    "initial_rot": [
      [
        0.6805493558288818,
        0.7327022412145975,
        0.0
      ],
      [
        -0.7327022412145975,
        0.6805493558288818,
        0.0
      ],
      [
        0.0,
        0.0,
        1.0
      ]
    ],
    "keypoint_offset": [
      -0.0108780805193667,
      0.010108533456326257,
      0.02266369175465055
    ]
  },
  "519": {
    "geom_id": 123,
    "geom_name": "red_cube_g0_vis",
    "body_id": 24,
    "body_name": "red_cube_main",
    "initial_keypoint": [
      0.09646019861516364,
      0.10968985864395789,
      0.8546034421853372
    ],
    "initial_pos": [
      0.07830154915681062,
      0.1031270742873133,
      0.8319615673835818
    ],
    "initial_rot": [
      [
        0.6805493558288818,
        0.7327022412145975,
        0.0
      ],
      [
        -0.7327022412145975,
        0.6805493558288818,
        0.0
      ],
      [
        0.0,
        0.0,
        1.0
      ]
    ],
    "keypoint_offset": [
      0.01815864945835302,
      0.006562784356644591,
      0.02264187480175539
    ]
  },
  "520": {
    "geom_id": 123,
    "geom_name": "red_cube_g0_vis",
    "body_id": 24,
    "body_name": "red_cube_main",
    "initial_keypoint": [
      0.09405575694707224,
      0.11474850142977328,
      0.8155070316008333
    ],
    "initial_pos": [
      0.07830154915681062,
      0.1031270742873133,
      0.8319615673835818
    ],
    "initial_rot": [
      [
        0.6805493558288818,
        0.7327022412145975,
        0.0
      ],
      [
        -0.7327022412145975,
        0.6805493558288818,
        0.0
      ],
      [
        0.0,
        0.0,
        1.0
      ]
    ],
    "keypoint_offset": [
      0.015754207790261626,
      0.011621427142459978,
      -0.01645453578274858
    ]
  }
}