{
  "209": {
    "geom_id": 117,
    "geom_name": "dark_cube_g0_vis",
    "body_id": 21,
    "body_name": "dark_cube_main",
    "initial_keypoint": [
      0.14674938827163558,
      -0.16640898535748638,
      0.8508183377249071
    ],
    "initial_pos": [
      0.13636920089142943,
      -0.14906681190765292,
      0.8300875066395292
    ],
    "initial_rot": [
      [
        -0.9997695877351644,
        -0.021465587340194284,
        0.0
      ],
      [
        0.021465587340194284,
        -0.9997695877351644,
        0.0
      ],
      [
        0.0,
        0.0,
        1.0
      ]
    ],
    "keypoint_offset": [
      0.010380187380206157,
      -0.017342173449833465,
      0.020730831085377877
    ]
  },
  "210": {
    "geom_id": 117,
    "geom_name": "dark_cube_g0_vis",
    "body_id": 21,
    "body_name": "dark_cube_main",
    "initial_keypoint": [
      0.1559461432846917,
      -0.16910835465516216,
      0.8277535134381876
    ],
    "initial_pos": [
      0.13636920089142943,
      -0.14906681190765292,
      0.8300875066395292
    ],
    "initial_rot": [
      [
        -0.9997695877351644,
        -0.021465587340194284,
        0.0
      ],
      [
        0.021465587340194284,
        -0.9997695877351644,
        0.0
      ],
      [
        0.0,
        0.0,
        1.0
      ]
    ],
    "keypoint_offset": [
      0.01957694239326227,
      -0.020041542747509244,
      -0.0023339932013416442
    ]
  },
  "232": {
    "geom_id": 117,
    "geom_name": "dark_cube_g0_vis",
    "body_id": 21,
    "body_name": "dark_cube_main",
    "initial_keypoint": [
      0.12088951588026281,
      -0.15002874149082907,
      0.8508381286934915
    ],
    "initial_pos": [
      0.13636920089142943,
      -0.14906681190765292,
      0.8300875066395292
    ],
    "initial_rot": [
      [
        -0.9997695877351644,
        -0.021465587340194284,
        0.0
      ],
      [
        0.021465587340194284,
        -0.9997695877351644,
        0.0
      ],
      [
        0.0,
        0.0,
        1.0
      ]
    ],
    "keypoint_offset": [
      -0.015479685011166616,
      -0.0009619295831761465,
      0.020750622053962275
    ]
  },
  "233": {
    "geom_id": 117,
    "geom_name": "dark_cube_g0_vis",
    "body_id": 21,
    "body_name": "dark_cube_main",
    "initial_keypoint": [
      0.14674938827163558,
      -0.14560786218780059,
      0.8508183377249071
    ],
    "initial_pos": [
      0.13636920089142943,
      -0.14906681190765292,
      0.8300875066395292
    ],
    "initial_rot": [
      [
        -0.9997695877351644,
        -0.021465587340194284,
        0.0
      ],
      [
        0.021465587340194284,
        -0.9997695877351644,
        0.0
      ],
      [
        0.0,
        0.0,
        1.0
      ]
    ],
    "keypoint_offset": [
      0.010380187380206157,
      0.0034589497198523333,
      0.020730831085377877
    ]
  },
  "234": {
    "geom_id": 117,
    "geom_name": "dark_cube_g0_vis",
    "body_id": 21,
    "body_name": "dark_cube_main",
    "initial_keypoint": [
      0.15640360738407555,
      -0.14777306532333637,
      0.8284479076848102
    ],
    "initial_pos": [
      0.13636920089142943,
      -0.14906681190765292,
      0.8300875066395292
    ],
    "initial_rot": [
      [
        -0.9997695877351644,
        -0.021465587340194284,
        0.0
      ],
      [
        0.021465587340194284,
        -0.9997695877351644,
        0.0
      ],
      [
        0.0,
        0.0,
        1.0
      ]
    ],
    "keypoint_offset": [
      0.020034406492646123,
      0.0012937465843165519,
      -0.0016395989547189904
    ]
  },
  "256": {
    "geom_id": 117,
    "geom_name": "dark_cube_g0_vis",
    "body_id": 21,
    "body_name": "dark_cube_main",
    "initial_keypoint": [
      0.12088951588026281,
      -0.12859606413499636,
      0.8508381286934915
    ],
    "initial_pos": [
      0.13636920089142943,
      -0.14906681190765292,
      0.8300875066395292
    ],
    "initial_rot": [
      [
        -0.9997695877351644,
        -0.021465587340194284,
        0.0
      ],
      [
        0.021465587340194284,
        -0.9997695877351644,
        0.0
      ],
      [
        0.0,
        0.0,
        1.0
      ]
    ],
    "keypoint_offset": [
      -0.015479685011166616,
      0.02047074777265656,
      0.020750622053962275
    ]
  },
  "257": {
    "geom_id": 117,
    "geom_name": "dark_cube_g0_vis",
    "body_id": 21,
    "body_name": "dark_cube_main",
    "initial_keypoint": [
      0.1357547696212298,
      -0.1286912404314062,
      0.835281741801867
    ],
    "initial_pos": [
      0.13636920089142943,
      -0.14906681190765292,
      0.8300875066395292
    ],
    "initial_rot": [
      [
        -0.9997695877351644,
        -0.021465587340194284,
        0.0
      ],
      [
        0.021465587340194284,
        -0.9997695877351644,
        0.0
      ],
      [
        0.0,
        0.0,
        1.0
      ]
    ],
    "keypoint_offset": [
      -0.0006144312701996391,
      0.020375571476246718,
      0.005194235162337746
    ]
  },
  "258": {
    "geom_id": 117,
    "geom_name": "dark_cube_g0_vis",
    "body_id": 21,
    "body_name": "dark_cube_main",
    "initial_keypoint": [
      0.1500662846492673,
      -0.1289988042997657,
      0.818828354036846
    ],
    "initial_pos": [
      0.13636920089142943,
      -0.14906681190765292,
      0.8300875066395292
    ],
    "initial_rot": [
      [
        -0.9997695877351644,
        -0.021465587340194284,
        0.0
      ],
      [
        0.021465587340194284,
        -0.9997695877351644,
        0.0
      ],
      [
        0.0,
        0.0,
        1.0
      ]
    ],
    "keypoint_offset": [
      0.013697083757837875,
      0.02006800760788721,
      -0.011259152602683287
    ]
  },
  "322": {
    "geom_id": 121,
    "geom_name": "green_cube_g0_vis",
    "body_id": 23,
    "body_name": "green_cube_main",
    "initial_keypoint": [
      -0.07438560000472616,
      -0.0785920921677553,
      0.8511662561785047
    ],
    "initial_pos": [
      -0.06722022238011621,
      -0.06697058614576594,
      0.8301775628482484
    ],
    "initial_rot": [
      [
        0.885838309446225,
        -0.4639940619420189,
        0.0
      ],
      [
        0.4639940619420189,
        0.885838309446225,
        0.0
      ],
      [
        0.0,
        0.0,
        1.0
      ]
    ],
    "keypoint_offset": [
      -0.007165377624609948,
      -0.011621506021989358,
      0.020988693330256325
    ]
  },
  "323": {
    "geom_id": 121,
    "geom_name": "green_cube_g0_vis",
    "body_id": 23,
    "body_name": "green_cube_main",
    "initial_keypoint": [
      -0.039091060272278044,
      -0.07621754232853822,
      0.8482488415152355
    ],
    "initial_pos": [
      -0.06722022238011621,
      -0.06697058614576594,
      0.8301775628482484
    ],
    "initial_rot": [
      [
        0.885838309446225,
        -0.4639940619420189,
        0.0
      ],
      [
        0.4639940619420189,
        0.885838309446225,
        0.0
      ],
      [
        0.0,
        0.0,
        1.0
      ]
    ],
    "keypoint_offset": [
      0.028129162107838168,
      -0.009246956182772284,
      0.0180712786669871
    ]
  },
  "336": {
    "geom_id": 75,
    "geom_name": "gripper0_right_wiping_surface_vis",
    "body_id": 14,
    "body_name": "gripper0_right_wiping_gripper",
    "initial_keypoint": [
      -0.08973311590767685,
      -0.040689771887081075,
      1.106660365191718
    ],
    "initial_pos": [
      -0.1135578402230288,
      0.008612827824990095,
      1.0951068259624537
    ],
    "initial_rot": [
      [
        -0.011186245620500555,
        0.9937712783235446,
        0.11087612136119951
      ],
      [
        0.9999220770831829,
        0.010502603079692831,
        0.0067479693390889856
      ],
      [
        0.005541450222522018,
        0.11094296601288446,
        -0.9938113254645937
      ]
    ],
    "keypoint_offset": [
      0.023824724315351944,
      -0.04930259971207117,
      0.011553539229264276
    ]
  },
  "337": {
    "geom_id": 75,
    "geom_name": "gripper0_right_wiping_surface_vis",
    "body_id": 14,
    "body_name": "gripper0_right_wiping_gripper",
    "initial_keypoint": [
      -0.08751941337848079,
      -0.04154921425514633,
      1.0868108271178618
    ],
    "initial_pos": [
      -0.1135578402230288,
      0.008612827824990095,
      1.0951068259624537
    ],
    "initial_rot": [
      [
        -0.011186245620500555,
        0.9937712783235446,
        0.11087612136119951
      ],
      [
        0.9999220770831829,
        0.010502603079692831,
        0.0067479693390889856
      ],
      [
        0.005541450222522018,
        0.11094296601288446,
        -0.9938113254645937
      ]
    ],
    "keypoint_offset": [
      0.026038426844548004,
      -0.05016204208013642,
      -0.008295998844591868
    ]
  },
  "346": {
    "geom_id": 121,
    "geom_name": "green_cube_g0_vis",
    "body_id": 23,
    "body_name": "green_cube_main",
    "initial_keypoint": [
      -0.07438560000472616,
      -0.05239472811183687,
      0.8511662561785047
    ],
    "initial_pos": [
      -0.06722022238011621,
      -0.06697058614576594,
      0.8301775628482484
    ],
    "initial_rot": [
      [
        0.885838309446225,
        -0.4639940619420189,
        0.0
      ],
      [
        0.4639940619420189,
        0.885838309446225,
        0.0
      ],
      [
        0.0,
        0.0,
        1.0
      ]
    ],
    "keypoint_offset": [
      -0.007165377624609948,
      0.014575858033929072,
      0.020988693330256325
    ]
  },
  "347": {
    "geom_id": 121,
    "geom_name": "green_cube_g0_vis",
    "body_id": 23,
    "body_name": "green_cube_main",
    "initial_keypoint": [
      -0.051797407306310106,
      -0.05200932377658652,
      0.8364225939398906
    ],
    "initial_pos": [
      -0.06722022238011621,
      -0.06697058614576594,
      0.8301775628482484
    ],
    "initial_rot": [
      [
        0.885838309446225,
        -0.4639940619420189,
        0.0
      ],
      [
        0.4639940619420189,
        0.885838309446225,
        0.0
      ],
      [
        0.0,
        0.0,
        1.0
      ]
    ],
    "keypoint_offset": [
      0.015422815073806107,
      0.01496126236917942,
      0.006245031091642206
    ]
  },
  "360": {
    "geom_id": 75,
    "geom_name": "gripper0_right_wiping_surface_vis",
    "body_id": 14,
    "body_name": "gripper0_right_wiping_gripper",
    "initial_keypoint": [
      -0.08993624310330295,
      -0.020351893519536472,
      1.1065765494854773
    ],
    "initial_pos": [
      -0.1135578402230288,
      0.008612827824990095,
      1.0951068259624537
    ],
    "initial_rot": [
      [
        -0.011186245620500555,
        0.9937712783235446,
        0.11087612136119951
      ],
      [
        0.9999220770831829,
        0.010502603079692831,
        0.0067479693390889856
      ],
      [
        0.005541450222522018,
        0.11094296601288446,
        -0.9938113254645937
      ]
    ],
    "keypoint_offset": [
      0.02362159711972585,
      -0.028964721344526566,
      0.011469723523023667
    ]
  },
  "361": {
    "geom_id": 75,
    "geom_name": "gripper0_right_wiping_surface_vis",
    "body_id": 14,
    "body_name": "gripper0_right_wiping_gripper",
    "initial_keypoint": [
      -0.08772812371167227,
      -0.02078198709677382,
      1.0867173318244063
    ],
    "initial_pos": [
      -0.1135578402230288,
      0.008612827824990095,
      1.0951068259624537
    ],
    "initial_rot": [
      [
        -0.011186245620500555,
        0.9937712783235446,
        0.11087612136119951
      ],
      [
        0.9999220770831829,
        0.010502603079692831,
        0.0067479693390889856
      ],
      [
        0.005541450222522018,
        0.11094296601288446,
        -0.9938113254645937
      ]
    ],
    "keypoint_offset": [
      0.02582971651135653,
      -0.029394814921763913,
      -0.008389494138047349
    ]
  },
  "374": {
    "geom_id": 125,
    "geom_name": "light_cube_g0_vis",
    "body_id": 25,
    "body_name": "light_cube_main",
    "initial_keypoint": [
      0.06559331023930698,
      -0.02274293770307516,
      0.8525294120996578
    ],
    "initial_pos": [
      0.06418902669589635,
      -0.0013746960367558292,
      0.8309124930798429
    ],
    "initial_rot": [
      [
        0.14361887288039105,
        0.9896330730894991,
        0.0
      ],
      [
        -0.9896330730894991,
        0.14361887288039105,
        0.0
      ],
      [
        0.0,
        0.0,
        0.9999999999999998
      ]
    ],
    "keypoint_offset": [
      0.0014042835434106282,
      -0.02136824166631933,
      0.021616919019814884
    ]
  },
  "375": {
    "geom_id": 125,
    "geom_name": "light_cube_g0_vis",
    "body_id": 25,
    "body_name": "light_cube_main",
    "initial_keypoint": [
      0.06128293907879162,
      -0.02385034250995609,
      0.8114188709785614
    ],
    "initial_pos": [
      0.06418902669589635,
      -0.0013746960367558292,
      0.8309124930798429
    ],
    "initial_rot": [
      [
        0.14361887288039105,
        0.9896330730894991,
        0.0
      ],
      [
        -0.9896330730894991,
        0.14361887288039105,
        0.0
      ],
      [
        0.0,
        0.0,
        0.9999999999999998
      ]
    ],
    "keypoint_offset": [
      -0.00290608761710473,
      -0.022475646473200262,
      -0.019493622101281582
    ]
  },
  "384": {
    "geom_id": 75,
    "geom_name": "gripper0_right_wiping_surface_vis",
    "body_id": 14,
    "body_name": "gripper0_right_wiping_gripper",
    "initial_keypoint": [
      -0.09014342568627565,
      0.0,
      1.1064910604181022
    ],
    "initial_pos": [
      -0.1135578402230288,
      0.008612827824990095,
      1.0951068259624537
    ],
    "initial_rot": [
      [
        -0.011186245620500555,
        0.9937712783235446,
        0.11087612136119951
      ],
      [
        0.9999220770831829,
        0.010502603079692831,
        0.0067479693390889856
      ],
      [
        0.005541450222522018,
        0.11094296601288446,
        -0.9938113254645937
      ]
    ],
    "keypoint_offset": [
      0.02341441453675315,
      -0.008612827824990095,
      0.011384234455648512
    ]
  },
  "385": {
    "geom_id": 75,
    "geom_name": "gripper0_right_wiping_surface_vis",
    "body_id": 14,
    "body_name": "gripper0_right_wiping_gripper",
    "initial_keypoint": [
      -0.08793689223006962,
      0.0,
      1.086623810465912
    ],
    "initial_pos": [
      -0.1135578402230288,
      0.008612827824990095,
      1.0951068259624537
    ],
    "initial_rot": [
      [
        -0.011186245620500555,
        0.9937712783235446,
        0.11087612136119951
      ],
      [
        0.9999220770831829,
        0.010502603079692831,
        0.0067479693390889856
      ],
      [
        0.005541450222522018,
        0.11094296601288446,
        -0.9938113254645937
      ]
    ],
    "keypoint_offset": [
      0.025620947992959178,
      -0.008612827824990095,
      -0.008483015496541624
    ]
  },
  "398": {
    "geom_id": 125,
    "geom_name": "light_cube_g0_vis",
    "body_id": 25,
    "body_name": "light_cube_main",
    "initial_keypoint": [
      0.06559331023930698,
      0.0,
      0.8525294120996578
    ],
    "initial_pos": [
      0.06418902669589635,
      -0.0013746960367558292,
      0.8309124930798429
    ],
    "initial_rot": [
      [
        0.14361887288039105,
        0.9896330730894991,
        0.0
      ],
      [
        -0.9896330730894991,
        0.14361887288039105,
        0.0
      ],
      [
        0.0,
        0.0,
        0.9999999999999998
      ]
    ],
    "keypoint_offset": [
      0.0014042835434106282,
      0.0013746960367558292,
      0.021616919019814884
    ]
  },
  "399": {
    "geom_id": 125,
    "geom_name": "light_cube_g0_vis",
    "body_id": 25,
    "body_name": "light_cube_main",
    "initial_keypoint": [
      0.08449537605760954,
      0.0,
      0.8399150969724621
    ],
    "initial_pos": [
      0.06418902669589635,
      -0.0013746960367558292,
      0.8309124930798429
    ],
    "initial_rot": [
      [
        0.14361887288039105,
        0.9896330730894991,
        0.0
      ],
      [
        -0.9896330730894991,
        0.14361887288039105,
        0.0
      ],
      [
        0.0,
        0.0,
        0.9999999999999998
      ]
    ],
    "keypoint_offset": [
      0.02030634936171319,
      0.0013746960367558292,
      0.009002603892619199
    ]
  },
  "408": {
    "geom_id": 75,
    "geom_name": "gripper0_right_wiping_surface_vis",
    "body_id": 14,
    "body_name": "gripper0_right_wiping_gripper",
    "initial_keypoint": [
      -0.09035078718339595,
      0.020366194653050198,
      1.1064054975259712
    ],
    "initial_pos": [
      -0.1135578402230288,
      0.008612827824990095,
      1.0951068259624537
    ],
    "initial_rot": [
      [
        -0.011186245620500555,
        0.9937712783235446,
        0.11087612136119951
      ],
      [
        0.9999220770831829,
        0.010502603079692831,
        0.0067479693390889856
      ],
      [
        0.005541450222522018,
        0.11094296601288446,
        -0.9938113254645937
      ]
    ],
    "keypoint_offset": [
      0.023207053039632844,
      0.011753366828060103,
      0.011298671563517493
    ]
  },
  "409": {
    "geom_id": 75,
    "geom_name": "gripper0_right_wiping_surface_vis",
    "body_id": 14,
    "body_name": "gripper0_right_wiping_gripper",
    "initial_keypoint": [
      -0.08814781360108137,
      0.020796827274594924,
      1.08652932470099
    ],
    "initial_pos": [
      -0.1135578402230288,
      0.008612827824990095,
      1.0951068259624537
    ],
    "initial_rot": [
      [
        -0.011186245620500555,
        0.9937712783235446,
        0.11087612136119951
      ],
      [
        0.9999220770831829,
        0.010502603079692831,
        0.0067479693390889856
      ],
      [
        0.005541450222522018,
        0.11094296601288446,
        -0.9938113254645937
      ]
    ],
    "keypoint_offset": [
      0.025410026621947426,
      0.012183999449604828,
      -0.008577501261463727
    ]
  },
  "432": {
    "geom_id": 75,
    "geom_name": "gripper0_right_wiping_surface_vis",
    "body_id": 14,
    "body_name": "gripper0_right_wiping_gripper",
    "initial_keypoint": [
      -0.09055635953903973,
      0.04074657316661595,
      1.1063206728813995
    ],
    "initial_pos": [
      -0.1135578402230288,
      0.008612827824990095,
      1.0951068259624537
    ],
    "initial_rot": [
      [
        -0.011186245620500555,
        0.9937712783235446,
        0.11087612136119951
      ],
      [
        0.9999220770831829,
        0.010502603079692831,
        0.0067479693390889856
      ],
      [
        0.005541450222522018,
        0.11094296601288446,
        -0.9938113254645937
      ]
    ],
    "keypoint_offset": [
      0.023001480683989065,
      0.03213374534162586,
      0.01121384691894578
    ]
  },
  "433": {
    "geom_id": 75,
    "geom_name": "gripper0_right_wiping_surface_vis",
    "body_id": 14,
    "body_name": "gripper0_right_wiping_gripper",
    "initial_keypoint": [
      -0.08835693123071353,
      0.041608443291485435,
      1.0864356469522642
    ],
    "initial_pos": [
      -0.1135578402230288,
      0.008612827824990095,
      1.0951068259624537
    ],
    "initial_rot": [
      [
        -0.011186245620500555,
        0.9937712783235446,
        0.11087612136119951
      ],
      [
        0.9999220770831829,
        0.010502603079692831,
        0.0067479693390889856
      ],
      [
        0.005541450222522018,
        0.11094296601288446,
        -0.9938113254645937
      ]
    ],
    "keypoint_offset": [
      0.025200908992315266,
      0.03299561546649534,
      -0.008671179010189434
    ]
  },
  "448": {
    "geom_id": 119,
    "geom_name": "red_cube_g0_vis",
    "body_id": 22,
    "body_name": "red_cube_main",
    "initial_keypoint": [
      0.12279604902633612,
      0.04264978636681807,
      0.8533483959975244
    ],
    "initial_pos": [
      0.11799401024252795,
      0.05694541486637794,
      0.8313437805720316
    ],
    "initial_rot": [
      [
        0.6974903996944704,
        0.7165941266393747,
        0.0
      ],
      [
        -0.7165941266393747,
        0.6974903996944704,
        0.0
      ],
      [
        0.0,
        0.0,
        1.0
      ]
    ],
    "keypoint_offset": [
      0.004802038783808166,
      -0.01429562849955987,
      0.022004615425492813
    ]
  },
  "449": {
    "geom_id": 119,
    "geom_name": "red_cube_g0_vis",
    "body_id": 22,
    "body_name": "red_cube_main",
    "initial_keypoint": [
      0.134867650356423,
      0.04300155598322474,
      0.834028145475237
    ],
    "initial_pos": [
      0.11799401024252795,
      0.05694541486637794,
      0.8313437805720316
    ],
    "initial_rot": [
      [
        0.6974903996944704,
        0.7165941266393747,
        0.0
      ],
      [
        -0.7165941266393747,
        0.6974903996944704,
        0.0
      ],
      [
        0.0,
        0.0,
        1.0
      ]
    ],
    "keypoint_offset": [
      0.016873640113895055,
      -0.0139438588831532,
      0.0026843649032053385
    ]
  },
  "456": {
    "geom_id": 75,
    "geom_name": "gripper0_right_wiping_surface_vis",
    "body_id": 14,
    "body_name": "gripper0_right_wiping_gripper",
    "initial_keypoint": [
      -0.09076199153273279,
      0.06114114171296032,
      1.1062358236285756
    ],
    "initial_pos": [
      -0.1135578402230288,
      0.008612827824990095,
      1.0951068259624537
    ],
    "initial_rot": [
      [
        -0.011186245620500555,
        0.9937712783235446,
        0.11087612136119951
      ],
      [
        0.9999220770831829,
        0.010502603079692831,
        0.0067479693390889856
      ],
      [
        0.005541450222522018,
        0.11094296601288446,
        -0.9938113254645937
      ]
    ],
    "keypoint_offset": [
      0.02279584869029601,
      0.052528313887970225,
      0.011128997666121965
    ]
  },
  "457": {
    "geom_id": 75,
    "geom_name": "gripper0_right_wiping_surface_vis",
    "body_id": 14,
    "body_name": "gripper0_right_wiping_gripper",
    "initial_keypoint": [
      -0.08856616523075711,
      0.06243486039519767,
      1.0863419170734612
    ],
    "initial_pos": [
      -0.1135578402230288,
      0.008612827824990095,
      1.0951068259624537
    ],
    "initial_rot": [
      [
        -0.011186245620500555,
        0.9937712783235446,
        0.11087612136119951
      ],
      [
        0.9999220770831829,
        0.010502603079692831,
        0.0067479693390889856
      ],
      [
        0.005541450222522018,
        0.11094296601288446,
        -0.9938113254645937
      ]
    ],
    "keypoint_offset": [
      0.024991674992271687,
      0.053822032570207574,
      -0.008764908888992506
    ]
  },
  "468": {
    "geom_id": 123,
    "geom_name": "blue_cube_g0_vis",
    "body_id": 24,
    "body_name": "blue_cube_main",
    "initial_keypoint": [
      -0.0012157503850486195,
      0.07330207387139176,
      0.8501409306411232
    ],
    "initial_pos": [
      -0.0030393013118385492,
      0.10294488783305425,
      0.8302282582140923
    ],
    "initial_rot": [
      [
        -0.7550698140182978,
        -0.6556443974887401,
        0.0
      ],
      [
        0.6556443974887401,
        -0.7550698140182978,
        0.0
      ],
      [
        0.0,
        0.0,
        0.9999999999999999
      ]
    ],
    "keypoint_offset": [
      0.0018235509267899297,
      -0.02964281396166249,
      0.019912672427030875
    ]
  },
  "469": {
    "geom_id": 123,
    "geom_name": "blue_cube_g0_vis",
    "body_id": 24,
    "body_name": "blue_cube_main",
    "initial_keypoint": [
      0.0007837261132591644,
      0.07561256796455557,
      0.8165390963263051
    ],
    "initial_pos": [
      -0.0030393013118385492,
      0.10294488783305425,
      0.8302282582140923
    ],
    "initial_rot": [
      [
        -0.7550698140182978,
        -0.6556443974887401,
        0.0
      ],
      [
        0.6556443974887401,
        -0.7550698140182978,
        0.0
      ],
      [
        0.0,
        0.0,
        0.9999999999999999
      ]
    ],
    "keypoint_offset": [
      0.0038230274250977136,
      -0.027332319868498683,
      -0.013689161887787238
    ]
  },
  "472": {
    "geom_id": 119,
    "geom_name": "red_cube_g0_vis",
    "body_id": 22,
    "body_name": "red_cube_main",
    "initial_keypoint": [
      0.12279473889437348,
      0.06397490175169733,
      0.85334667099136
    ],
    "initial_pos": [
      0.11799401024252795,
      0.05694541486637794,
      0.8313437805720316
    ],
    "initial_rot": [
      [
        0.6974903996944704,
        0.7165941266393747,
        0.0
      ],
      [
        -0.7165941266393747,
        0.6974903996944704,
        0.0
      ],
      [
        0.0,
        0.0,
        1.0
      ]
    ],
    "keypoint_offset": [
      0.004800728651845526,
      0.007029486885319389,
      0.022002890419328347
    ]
  },
  "473": {
    "geom_id": 119,
    "geom_name": "red_cube_g0_vis",
    "body_id": 22,
    "body_name": "red_cube_main",
    "initial_keypoint": [
      0.13964058959111886,
      0.06365917197930733,
      0.8407728294531535
    ],
    "initial_pos": [
      0.11799401024252795,
      0.05694541486637794,
      0.8313437805720316
    ],
    "initial_rot": [
      [
        0.6974903996944704,
        0.7165941266393747,
        0.0
      ],
      [
        -0.7165941266393747,
        0.6974903996944704,
        0.0
      ],
      [
        0.0,
        0.0,
        1.0
      ]
    ],
    "keypoint_offset": [
      0.021646579348590905,
      0.006713757112929389,
      0.009429048881121838
    ]
  },
  "492": {
    "geom_id": 123,
    "geom_name": "blue_cube_g0_vis",
    "body_id": 24,
    "body_name": "blue_cube_main",
    "initial_keypoint": [
      -0.00014170261649026905,
      0.09752666126498283,
      0.8512120711981113
    ],
    "initial_pos": [
      -0.0030393013118385492,
      0.10294488783305425,
      0.8302282582140923
    ],
    "initial_rot": [
      [
        -0.7550698140182978,
        -0.6556443974887401,
        0.0
      ],
      [
        0.6556443974887401,
        -0.7550698140182978,
        0.0
      ],
      [
        0.0,
        0.0,
        0.9999999999999999
      ]
    ],
    "keypoint_offset": [
      0.00289759869534828,
      -0.0054182265680714214,
      0.020983812984018968
    ]
  },
  "493": {
    "geom_id": 123,
    "geom_name": "blue_cube_g0_vis",
    "body_id": 24,
    "body_name": "blue_cube_main",
    "initial_keypoint": [
      0.01941341052611123,
      0.09705449137045456,
      0.8364467171349379
    ],
    "initial_pos": [
      -0.0030393013118385492,
      0.10294488783305425,
      0.8302282582140923
    ],
    "initial_rot": [
      [
        -0.7550698140182978,
        -0.6556443974887401,
        0.0
      ],
      [
        0.6556443974887401,
        -0.7550698140182978,
        0.0
      ],
      [
        0.0,
        0.0,
        0.9999999999999999
      ]
    ],
    "keypoint_offset": [
      0.02245271183794978,
      -0.005890396462599687,
      0.006218458920845604
    ]
  },
  "496": {
    "geom_id": 119,
    "geom_name": "red_cube_g0_vis",
    "body_id": 22,
    "body_name": "red_cube_main",
    "initial_keypoint": [
      0.11736315013260668,
      0.08652814935152137,
      0.8461950829344212
    ],
    "initial_pos": [
      0.11799401024252795,
      0.05694541486637794,
      0.8313437805720316
    ],
    "initial_rot": [
      [
        0.6974903996944704,
        0.7165941266393747,
        0.0
      ],
      [
        -0.7165941266393747,
        0.6974903996944704,
        0.0
      ],
      [
        0.0,
        0.0,
        1.0
      ]
    ],
    "keypoint_offset": [
      -0.0006308601099212774,
      0.029582734485143425,
      0.014851302362389629
    ]
  },
  "516": {
    "geom_id": 123,
    "geom_name": "blue_cube_g0_vis",
    "body_id": 24,
    "body_name": "blue_cube_main",
    "initial_keypoint": [
      -0.00014170261649026905,
      0.12190832658122853,
      0.8512120711981113
    ],
    "initial_pos": [
      -0.0030393013118385492,
      0.10294488783305425,
      0.8302282582140923
    ],
    "initial_rot": [
      [
        -0.7550698140182978,
        -0.6556443974887401,
        0.0
      ],
      [
        0.6556443974887401,
        -0.7550698140182978,
        0.0
      ],
      [
        0.0,
        0.0,
        0.9999999999999999
      ]
    ],
    "keypoint_offset": [
      0.00289759869534828,
      0.018963438748174286,
      0.020983812984018968
    ]
  },
  "517": {
    "geom_id": 123,
    "geom_name": "blue_cube_g0_vis",
    "body_id": 24,
    "body_name": "blue_cube_main",
    "initial_keypoint": [
      0.0008922462520108421,
      0.1259935520467042,
      0.8166550605973305
    ],
    "initial_pos": [
      -0.0030393013118385492,
      0.10294488783305425,
      0.8302282582140923
    ],
    "initial_rot": [
      [
        -0.7550698140182978,
        -0.6556443974887401,
        0.0
      ],
      [
        0.6556443974887401,
        -0.7550698140182978,
        0.0
      ],
      [
        0.0,
        0.0,
        0.9999999999999999
      ]
    ],
    "keypoint_offset": [
      0.003931547563849391,
      0.023048664213649955,
      -0.01357319761676179
    ]
  }
}