{
  "297": {
    "geom_id": 117,
    "geom_name": "green_cube_g0_vis",
    "body_id": 21,
    "body_name": "green_cube_main",
    "initial_keypoint": [
      -0.1157682583019014,
      -0.10883399207362632,
      0.8511782480156758
    ],
    "initial_pos": [
      -0.11366094265392776,
      -0.09749963597404568,
      0.8301679140620817
    ],
    "initial_rot": [
      [
        0.5471746167679716,
        0.8370184817343183,
        0.0
      ],
      [
        -0.8370184817343183,
        0.5471746167679716,
        0.0
      ],
      [
        0.0,
        0.0,
        1.0
      ]
    ],
    "keypoint_offset": [
      -0.0021073156479736455,
      -0.01133435609958064,
      0.021010333953594085
    ]
  },
  "298": {
    "geom_id": 117,
    "geom_name": "green_cube_g0_vis",
    "body_id": 21,
    "body_name": "green_cube_main",
    "initial_keypoint": [
      -0.09078637339856832,
      -0.10778157184351912,
      0.8369227598346708
    ],
    "initial_pos": [
      -0.11366094265392776,
      -0.09749963597404568,
      0.8301679140620817
    ],
    "initial_rot": [
      [
        0.5471746167679716,
        0.8370184817343183,
        0.0
      ],
      [
        -0.8370184817343183,
        0.5471746167679716,
        0.0
      ],
      [
        0.0,
        0.0,
        1.0
      ]
    ],
    "keypoint_offset": [
      0.02287456925535944,
      -0.010281935869473444,
      0.006754845772589113
    ]
  },
  "312": {
    "geom_id": 75,
    "geom_name": "gripper0_right_wiping_surface_vis",
    "body_id": 14,
    "body_name": "gripper0_right_wiping_gripper",
    "initial_keypoint": [
      -0.08969208492981706,
      -0.06103041131363523,
      1.1066772956690796
    ],
    "initial_pos": [
      -0.11041377514022156,
      -0.014548004460012942,
      1.0891823020481373
    ],
    "initial_rot": [
      [
        0.032960875899221524,
        0.9897564921702672,
        0.13890884373128148
      ],
      [
        0.9994511842881039,
        -0.033100135926859516,
        -0.0013081386500782138
      ],
      [
        0.003303162887374561,
        0.1388757257710248,
        -0.9903043077289466
      ]
    ],
    "keypoint_offset": [
      0.0207216902104045,
      -0.04648240685362229,
      0.017494993620942312
    ]
  },
  "313": {
    "geom_id": 75,
    "geom_name": "gripper0_right_wiping_surface_vis",
    "body_id": 14,
    "body_name": "gripper0_right_wiping_gripper",
    "initial_keypoint": [
      -0.08698952070929344,
      -0.06226761058301751,
      1.087048201424385
    ],
    "initial_pos": [
      -0.11041377514022156,
      -0.014548004460012942,
      1.0891823020481373
    ],
    "initial_rot": [
      [
        0.032960875899221524,
        0.9897564921702672,
        0.13890884373128148
      ],
      [
        0.9994511842881039,
        -0.033100135926859516,
        -0.0013081386500782138
      ],
      [
        0.003303162887374561,
        0.1388757257710248,
        -0.9903043077289466
      ]
    ],
    "keypoint_offset": [
      0.023424254430928118,
      -0.04771960612300457,
      -0.0021341006237522997
    ]
  },
  "321": {
    "geom_id": 117,
    "geom_name": "green_cube_g0_vis",
    "body_id": 21,
    "body_name": "green_cube_main",
    "initial_keypoint": [
      -0.1157682583019014,
      -0.08162549405521974,
      0.8511782480156758
    ],
    "initial_pos": [
      -0.11366094265392776,
      -0.09749963597404568,
      0.8301679140620817
    ],
    "initial_rot": [
      [
        0.5471746167679716,
        0.8370184817343183,
        0.0
      ],
      [
        -0.8370184817343183,
        0.5471746167679716,
        0.0
      ],
      [
        0.0,
        0.0,
        1.0
      ]
    ],
    "keypoint_offset": [
      -0.0021073156479736455,
      0.01587414191882594,
      0.021010333953594085
    ]
  },
  "322": {
    "geom_id": 117,
    "geom_name": "green_cube_g0_vis",
    "body_id": 21,
    "body_name": "green_cube_main",
    "initial_keypoint": [
      -0.10015879811317707,
      -0.08211858997894785,
      0.8287831377601708
    ],
    "initial_pos": [
      -0.11366094265392776,
      -0.09749963597404568,
      0.8301679140620817
    ],
    "initial_rot": [
      [
        0.5471746167679716,
        0.8370184817343183,
        0.0
      ],
      [
        -0.8370184817343183,
        0.5471746167679716,
        0.0
      ],
      [
        0.0,
        0.0,
        1.0
      ]
    ],
    "keypoint_offset": [
      0.013502144540750688,
      0.015381045995097833,
      -0.0013847763019109172
    ]
  },
  "336": {
    "geom_id": 75,
    "geom_name": "gripper0_right_wiping_surface_vis",
    "body_id": 14,
    "body_name": "gripper0_right_wiping_gripper",
    "initial_keypoint": [
      -0.0890465030470654,
      -0.040642397710662276,
      1.1069436799967527
    ],
    "initial_pos": [
      -0.11041377514022156,
      -0.014548004460012942,
      1.0891823020481373
    ],
    "initial_rot": [
      [
        0.032960875899221524,
        0.9897564921702672,
        0.13890884373128148
      ],
      [
        0.9994511842881039,
        -0.033100135926859516,
        -0.0013081386500782138
      ],
      [
        0.003303162887374561,
        0.1388757257710248,
        -0.9903043077289466
      ]
    ],
    "keypoint_offset": [
      0.021367272093156156,
      -0.026094393250649335,
      0.01776137794861543
    ]
  },
  "337": {
    "geom_id": 75,
    "geom_name": "gripper0_right_wiping_surface_vis",
    "body_id": 14,
    "body_name": "gripper0_right_wiping_gripper",
    "initial_keypoint": [
      -0.08633394799558591,
      -0.04146537846340165,
      1.0873418762142828
    ],
    "initial_pos": [
      -0.11041377514022156,
      -0.014548004460012942,
      1.0891823020481373
    ],
    "initial_rot": [
      [
        0.032960875899221524,
        0.9897564921702672,
        0.13890884373128148
      ],
      [
        0.9994511842881039,
        -0.033100135926859516,
        -0.0013081386500782138
      ],
      [
        0.003303162887374561,
        0.1388757257710248,
        -0.9903043077289466
      ]
    ],
    "keypoint_offset": [
      0.02407982714463565,
      -0.026917374003388707,
      -0.0018404258338544643
    ]
  },
  "361": {
    "geom_id": 75,
    "geom_name": "gripper0_right_wiping_surface_vis",
    "body_id": 14,
    "body_name": "gripper0_right_wiping_gripper",
    "initial_keypoint": [
      -0.08567977172681762,
      -0.02070955764716697,
      1.0876349254432542
    ],
    "initial_pos": [
      -0.11041377514022156,
      -0.014548004460012942,
      1.0891823020481373
    ],
    "initial_rot": [
      [
        0.032960875899221524,
        0.9897564921702672,
        0.13890884373128148
      ],
      [
        0.9994511842881039,
        -0.033100135926859516,
        -0.0013081386500782138
      ],
      [
        0.003303162887374561,
        0.1388757257710248,
        -0.9903043077289466
      ]
    ],
    "keypoint_offset": [
      0.02473400341340394,
      -0.006161553187154027,
      -0.0015473766048830218
    ]
  },
  "385": {
    "geom_id": 75,
    "geom_name": "gripper0_right_wiping_surface_vis",
    "body_id": 14,
    "body_name": "gripper0_right_wiping_gripper",
    "initial_keypoint": [
      -0.08502710827339988,
      0.0,
      1.087927296981222
    ],
    "initial_pos": [
      -0.11041377514022156,
      -0.014548004460012942,
      1.0891823020481373
    ],
    "initial_rot": [
      [
        0.032960875899221524,
        0.9897564921702672,
        0.13890884373128148
      ],
      [
        0.9994511842881039,
        -0.033100135926859516,
        -0.0013081386500782138
      ],
      [
        0.003303162887374561,
        0.1388757257710248,
        -0.9903043077289466
      ]
    ],
    "keypoint_offset": [
      0.025386666866821686,
      0.014548004460012942,
      -0.0012550050669153379
    ]
  },
  "399": {
    "geom_id": 119,
    "geom_name": "light_cube_g0_vis",
    "body_id": 22,
    "body_name": "light_cube_main",
    "initial_keypoint": [
      0.09267599943011728,
      0.0,
      0.8499578551975765
    ],
    "initial_pos": [
      0.09716449118984574,
      0.02356057241515036,
      0.8306614921323827
    ],
    "initial_rot": [
      [
        -0.3461373823517004,
        -0.9381838372828176,
        0.0
      ],
      [
        0.9381838372828176,
        -0.3461373823517004,
        0.0
      ],
      [
        0.0,
        0.0,
        0.9999999999999998
      ]
    ],
    "keypoint_offset": [
      -0.004488491759728458,
      -0.02356057241515036,
      0.019296363065193778
    ]
  },
  "400": {
    "geom_id": 119,
    "geom_name": "light_cube_g0_vis",
    "body_id": 22,
    "body_name": "light_cube_main",
    "initial_keypoint": [
      0.09269569439963676,
      0.0,
      0.8137162835347433
    ],
    "initial_pos": [
      0.09716449118984574,
      0.02356057241515036,
      0.8306614921323827
    ],
    "initial_rot": [
      [
        -0.3461373823517004,
        -0.9381838372828176,
        0.0
      ],
      [
        0.9381838372828176,
        -0.3461373823517004,
        0.0
      ],
      [
        0.0,
        0.0,
        0.9999999999999998
      ]
    ],
    "keypoint_offset": [
      -0.004468796790208979,
      -0.02356057241515036,
      -0.016945208597639372
    ]
  },
  "408": {
    "geom_id": 75,
    "geom_name": "gripper0_right_wiping_surface_vis",
    "body_id": 14,
    "body_name": "gripper0_right_wiping_gripper",
    "initial_keypoint": [
      -0.0871202536954725,
      0.020254746213788942,
      1.1077385019274235
    ],
    "initial_pos": [
      -0.11041377514022156,
      -0.014548004460012942,
      1.0891823020481373
    ],
    "initial_rot": [
      [
        0.032960875899221524,
        0.9897564921702672,
        0.13890884373128148
      ],
      [
        0.9994511842881039,
        -0.033100135926859516,
        -0.0013081386500782138
      ],
      [
        0.003303162887374561,
        0.1388757257710248,
        -0.9903043077289466
      ]
    ],
    "keypoint_offset": [
      0.02329352144474907,
      0.03480275067380188,
      0.01855619987928625
    ]
  },
  "409": {
    "geom_id": 75,
    "geom_name": "gripper0_right_wiping_surface_vis",
    "body_id": 14,
    "body_name": "gripper0_right_wiping_gripper",
    "initial_keypoint": [
      -0.08437781956191848,
      0.02066352079441152,
      1.0882181567469509
    ],
    "initial_pos": [
      -0.11041377514022156,
      -0.014548004460012942,
      1.0891823020481373
    ],
    "initial_rot": [
      [
        0.032960875899221524,
        0.9897564921702672,
        0.13890884373128148
      ],
      [
        0.9994511842881039,
        -0.033100135926859516,
        -0.0013081386500782138
      ],
      [
        0.003303162887374561,
        0.1388757257710248,
        -0.9903043077289466
      ]
    ],
    "keypoint_offset": [
      0.026035955578303085,
      0.03521152525442446,
      -0.000964145301186381
    ]
  },
  "423": {
    "geom_id": 119,
    "geom_name": "light_cube_g0_vis",
    "body_id": 22,
    "body_name": "light_cube_main",
    "initial_keypoint": [
      0.094342672909833,
      0.022053088549732446,
      0.8520039093959944
    ],
    "initial_pos": [
      0.09716449118984574,
      0.02356057241515036,
      0.8306614921323827
    ],
    "initial_rot": [
      [
        -0.3461373823517004,
        -0.9381838372828176,
        0.0
      ],
      [
        0.9381838372828176,
        -0.3461373823517004,
        0.0
      ],
      [
        0.0,
        0.0,
        0.9999999999999998
      ]
    ],
    "keypoint_offset": [
      -0.002821818280012739,
      -0.0015074838654179148,
      0.021342417263611635
    ]
  },
  "424": {
    "geom_id": 119,
    "geom_name": "light_cube_g0_vis",
    "body_id": 22,
    "body_name": "light_cube_main",
    "initial_keypoint": [
      0.11952115583039724,
      0.02151003638620477,
      0.8490364555883599
    ],
    "initial_pos": [
      0.09716449118984574,
      0.02356057241515036,
      0.8306614921323827
    ],
    "initial_rot": [
      [
        -0.3461373823517004,
        -0.9381838372828176,
        0.0
      ],
      [
        0.9381838372828176,
        -0.3461373823517004,
        0.0
      ],
      [
        0.0,
        0.0,
        0.9999999999999998
      ]
    ],
    "keypoint_offset": [
      0.0223566646405515,
      -0.002050536028945591,
      0.018374963455977222
    ]
  },
  "425": {
    "geom_id": 119,
    "geom_name": "light_cube_g0_vis",
    "body_id": 22,
    "body_name": "light_cube_main",
    "initial_keypoint": [
      0.1191496020419488,
      0.02242633352675144,
      0.811816828000229
    ],
    "initial_pos": [
      0.09716449118984574,
      0.02356057241515036,
      0.8306614921323827
    ],
    "initial_rot": [
      [
        -0.3461373823517004,
        -0.9381838372828176,
        0.0
      ],
      [
        0.9381838372828176,
        -0.3461373823517004,
        0.0
      ],
      [
        0.0,
        0.0,
        0.9999999999999998
      ]
    ],
    "keypoint_offset": [
      0.021985110852103057,
      -0.0011342388883989196,
      -0.018844664132153688
    ]
  },
  "432": {
    "geom_id": 75,
    "geom_name": "gripper0_right_wiping_surface_vis",
    "body_id": 14,
    "body_name": "gripper0_right_wiping_gripper",
    "initial_keypoint": [
      -0.08648033742739636,
      0.040465340172477236,
      1.1080025484711586
    ],
    "initial_pos": [
      -0.11041377514022156,
      -0.014548004460012942,
      1.0891823020481373
    ],
    "initial_rot": [
      [
        0.032960875899221524,
        0.9897564921702672,
        0.13890884373128148
      ],
      [
        0.9994511842881039,
        -0.033100135926859516,
        -0.0013081386500782138
      ],
      [
        0.003303162887374561,
        0.1388757257710248,
        -0.9903043077289466
      ]
    ],
    "keypoint_offset": [
      0.023933437712825203,
      0.05501334463249018,
      0.01882024642302138
    ]
  },
  "433": {
    "geom_id": 75,
    "geom_name": "gripper0_right_wiping_surface_vis",
    "body_id": 14,
    "body_name": "gripper0_right_wiping_gripper",
    "initial_keypoint": [
      -0.08372806536879063,
      0.04128109114775046,
      1.0885092250329889
    ],
    "initial_pos": [
      -0.11041377514022156,
      -0.014548004460012942,
      1.0891823020481373
    ],
    "initial_rot": [
      [
        0.032960875899221524,
        0.9897564921702672,
        0.13890884373128148
      ],
      [
        0.9994511842881039,
        -0.033100135926859516,
        -0.0013081386500782138
      ],
      [
        0.003303162887374561,
        0.1388757257710248,
        -0.9903043077289466
      ]
    ],
    "keypoint_offset": [
      0.026685709771430935,
      0.0558290956077634,
      -0.0006730770151484045
    ]
  },
  "448": {
    "geom_id": 119,
    "geom_name": "light_cube_g0_vis",
    "body_id": 22,
    "body_name": "light_cube_main",
    "initial_keypoint": [
      0.1112201233225733,
      0.04395865589745063,
      0.8381067686133279
    ],
    "initial_pos": [
      0.09716449118984574,
      0.02356057241515036,
      0.8306614921323827
    ],
    "initial_rot": [
      [
        -0.3461373823517004,
        -0.9381838372828176,
        0.0
      ],
      [
        0.9381838372828176,
        -0.3461373823517004,
        0.0
      ],
      [
        0.0,
        0.0,
        0.9999999999999998
      ]
    ],
    "keypoint_offset": [
      0.014055632132727564,
      0.020398083482300267,
      0.007445276480945173
    ]
  },
  "495": {
    "geom_id": 121,
    "geom_name": "red_cube_g0_vis",
    "body_id": 23,
    "body_name": "red_cube_main",
    "initial_keypoint": [
      0.09416059870036159,
      0.08825194720904893,
      0.8517803900892755
    ],
    "initial_pos": [
      0.10309371426864303,
      0.11080852988952808,
      0.8305486173338447
    ],
    "initial_rot": [
      [
        0.22216384374249531,
        0.9750093468954849,
        0.0
      ],
      [
        -0.9750093468954849,
        0.22216384374249531,
        0.0
      ],
      [
        0.0,
        0.0,
        1.0
      ]
    ],
    "keypoint_offset": [
      -0.008933115568281441,
      -0.02255658268047915,
      0.021231772755430867
    ]
  },
  "496": {
    "geom_id": 121,
    "geom_name": "red_cube_g0_vis",
    "body_id": 23,
    "body_name": "red_cube_main",
    "initial_keypoint": [
      0.10541168965877562,
      0.08923081052283001,
      0.8304590016999095
    ],
    "initial_pos": [
      0.10309371426864303,
      0.11080852988952808,
      0.8305486173338447
    ],
    "initial_rot": [
      [
        0.22216384374249531,
        0.9750093468954849,
        0.0
      ],
      [
        -0.9750093468954849,
        0.22216384374249531,
        0.0
      ],
      [
        0.0,
        0.0,
        1.0
      ]
    ],
    "keypoint_offset": [
      0.002317975390132593,
      -0.02157771936669807,
      -8.961563393516947e-05
    ]
  },
  "519": {
    "geom_id": 121,
    "geom_name": "red_cube_g0_vis",
    "body_id": 23,
    "body_name": "red_cube_main",
    "initial_keypoint": [
      0.09416059870036159,
      0.11031493401131115,
      0.8517803900892755
    ],
    "initial_pos": [
      0.10309371426864303,
      0.11080852988952808,
      0.8305486173338447
    ],
    "initial_rot": [
      [
        0.22216384374249531,
        0.9750093468954849,
        0.0
      ],
      [
        -0.9750093468954849,
        0.22216384374249531,
        0.0
      ],
      [
        0.0,
        0.0,
        1.0
      ]
    ],
    "keypoint_offset": [
      -0.008933115568281441,
      -0.0004935958782169292,
      0.021231772755430867
    ]
  },
  "520": {
    "geom_id": 121,
    "geom_name": "red_cube_g0_vis",
    "body_id": 23,
    "body_name": "red_cube_main",
    "initial_keypoint": [
      0.12158908995575657,
      0.10696563775777508,
      0.8517592340684901
    ],
    "initial_pos": [
      0.10309371426864303,
      0.11080852988952808,
      0.8305486173338447
    ],
    "initial_rot": [
      [
        0.22216384374249531,
        0.9750093468954849,
        0.0
      ],
      [
        -0.9750093468954849,
        0.22216384374249531,
        0.0
      ],
      [
        0.0,
        0.0,
        1.0
      ]
    ],
    "keypoint_offset": [
      0.01849537568711354,
      -0.003842892131752998,
      0.021210616734645416
    ]
  },
  "521": {
    "geom_id": 121,
    "geom_name": "red_cube_g0_vis",
    "body_id": 23,
    "body_name": "red_cube_main",
    "initial_keypoint": [
      0.12439618400030439,
      0.11058694564443584,
      0.8192308208321746
    ],
    "initial_pos": [
      0.10309371426864303,
      0.11080852988952808,
      0.8305486173338447
    ],
    "initial_rot": [
      [
        0.22216384374249531,
        0.9750093468954849,
        0.0
      ],
      [
        -0.9750093468954849,
        0.22216384374249531,
        0.0
      ],
      [
        0.0,
        0.0,
        1.0
      ]
    ],
    "keypoint_offset": [
      0.02130246973166136,
      -0.00022158424509223507,
      -0.011317796501670085
    ]
  },
  "544": {
    "geom_id": 121,
    "geom_name": "red_cube_g0_vis",
    "body_id": 23,
    "body_name": "red_cube_main",
    "initial_keypoint": [
      0.12026960510660833,
      0.12880634079297892,
      0.8500219132766614
    ],
    "initial_pos": [
      0.10309371426864303,
      0.11080852988952808,
      0.8305486173338447
    ],
    "initial_rot": [
      [
        0.22216384374249531,
        0.9750093468954849,
        0.0
      ],
      [
        -0.9750093468954849,
        0.22216384374249531,
        0.0
      ],
      [
        0.0,
        0.0,
        1.0
      ]
    ],
    "keypoint_offset": [
      0.017175890837965307,
      0.017997810903450845,
      0.01947329594281677
    ]
  },
  "545": {
    "geom_id": 121,
    "geom_name": "red_cube_g0_vis",
    "body_id": 23,
    "body_name": "red_cube_main",
    "initial_keypoint": [
      0.1189047794862772,
      0.1346444992550539,
      0.8114708670131988
    ],
    "initial_pos": [
      0.10309371426864303,
      0.11080852988952808,
      0.8305486173338447
    ],
    "initial_rot": [
      [
        0.22216384374249531,
        0.9750093468954849,
        0.0
      ],
      [
        -0.9750093468954849,
        0.22216384374249531,
        0.0
      ],
      [
        0.0,
        0.0,
        1.0
      ]
    ],
    "keypoint_offset": [
      0.015811065217634174,
      0.023835969365525816,
      -0.019077750320645848
    ]
  }
}