{
  "304": {
    "geom_id": 117,
    "geom_name": "dark_cube_g0_vis",
    "body_id": 21,
    "body_name": "dark_cube_main",
    "initial_keypoint": [
      0.12217319045576569,
      -0.08544042377670184,
      0.8525282993168242
    ],
    "initial_pos": [
      0.1074785182166497,
      -0.06030597512727298,
      0.8310239217088617
    ],
    "initial_rot": [
      [
        -0.9668709072443807,
        -0.25526583932134006,
        0.0
      ],
      [
        0.25526583932134006,
        -0.9668709072443807,
        0.0
      ],
      [
        0.0,
        0.0,
        1.0
      ]
    ],
    "keypoint_offset": [
      0.014694672239115997,
      -0.02513444864942886,
      0.02150437760796242
    ]
  },
  "327": {
    "geom_id": 117,
    "geom_name": "dark_cube_g0_vis",
    "body_id": 21,
    "body_name": "dark_cube_main",
    "initial_keypoint": [
      0.0949329475814451,
      -0.06606299686222557,
      0.8527285468158432
    ],
    "initial_pos": [
      0.1074785182166497,
      -0.06030597512727298,
      0.8310239217088617
    ],
    "initial_rot": [
      [
        -0.9668709072443807,
        -0.25526583932134006,
        0.0
      ],
      [
        0.25526583932134006,
        -0.9668709072443807,
        0.0
      ],
      [
        0.0,
        0.0,
        1.0
      ]
    ],
    "keypoint_offset": [
      -0.01254557063520459,
      -0.005757021734952586,
      0.021704625106981457
    ]
  },
  "328": {
    "geom_id": 117,
    "geom_name": "dark_cube_g0_vis",
    "body_id": 21,
    "body_name": "dark_cube_main",
    "initial_keypoint": [
      0.12231104545227872,
      -0.06405693730004904,
      0.8527098082987986
    ],
    "initial_pos": [
      0.1074785182166497,
      -0.06030597512727298,
      0.8310239217088617
    ],
    "initial_rot": [
      [
        -0.9668709072443807,
        -0.25526583932134006,
        0.0
      ],
      [
        0.25526583932134006,
        -0.9668709072443807,
        0.0
      ],
      [
        0.0,
        0.0,
        1.0
      ]
    ],
    "keypoint_offset": [
      0.014832527235629028,
      -0.003750962172776054,
      0.021685886589936865
    ]
  },
  "329": {
    "geom_id": 117,
    "geom_name": "dark_cube_g0_vis",
    "body_id": 21,
    "body_name": "dark_cube_main",
    "initial_keypoint": [
      0.12733398478894098,
      -0.0658331911639161,
      0.8233822539292879
    ],
    "initial_pos": [
      0.1074785182166497,
      -0.06030597512727298,
      0.8310239217088617
    ],
    "initial_rot": [
      [
        -0.9668709072443807,
        -0.25526583932134006,
        0.0
      ],
      [
        0.25526583932134006,
        -0.9668709072443807,
        0.0
      ],
      [
        0.0,
        0.0,
        1.0
      ]
    ],
    "keypoint_offset": [
      0.019855466572291286,
      -0.0055272160366431206,
      -0.0076416677795738686
    ]
  },
  "336": {
    "geom_id": 75,
    "geom_name": "gripper0_right_wiping_surface_vis",
    "body_id": 14,
    "body_name": "gripper0_right_wiping_gripper",
    "initial_keypoint": [
      -0.0904408406377104,
      -0.0407386027175824,
      1.1063683390654828
    ],
    "initial_pos": [
      -0.1141976276602377,
      0.007076879148676764,
      1.0993605951489929
    ],
    "initial_rot": [
      [
        -0.002120969238528368,
        0.9886128596699627,
        0.15046632574986718
      ],
      [
        0.9999876316087207,
        0.00141989811174489,
        0.00476660454945331
      ],
      [
        0.004498679702737471,
        0.15047457454509777,
        -0.9886036436795088
      ]
    ],
    "keypoint_offset": [
      0.023756787022527287,
      -0.04781548186625917,
      0.00700774391648995
    ]
  },
  "351": {
    "geom_id": 117,
    "geom_name": "dark_cube_g0_vis",
    "body_id": 21,
    "body_name": "dark_cube_main",
    "initial_keypoint": [
      0.09493438570656676,
      -0.04404184154415282,
      0.8527303122977918
    ],
    "initial_pos": [
      0.1074785182166497,
      -0.06030597512727298,
      0.8310239217088617
    ],
    "initial_rot": [
      [
        -0.9668709072443807,
        -0.25526583932134006,
        0.0
      ],
      [
        0.25526583932134006,
        -0.9668709072443807,
        0.0
      ],
      [
        0.0,
        0.0,
        1.0
      ]
    ],
    "keypoint_offset": [
      -0.012544132510082934,
      0.016264133583120163,
      0.02170639058893009
    ]
  },
  "352": {
    "geom_id": 117,
    "geom_name": "dark_cube_g0_vis",
    "body_id": 21,
    "body_name": "dark_cube_main",
    "initial_keypoint": [
      0.12188004842912559,
      -0.04275335694099171,
      0.8521423291875201
    ],
    "initial_pos": [
      0.1074785182166497,
      -0.06030597512727298,
      0.8310239217088617
    ],
    "initial_rot": [
      [
        -0.9668709072443807,
        -0.25526583932134006,
        0.0
      ],
      [
        0.25526583932134006,
        -0.9668709072443807,
        0.0
      ],
      [
        0.0,
        0.0,
        1.0
      ]
    ],
    "keypoint_offset": [
      0.014401530212475894,
      0.017552618186281274,
      0.02111840747865834
    ]
  },
  "353": {
    "geom_id": 117,
    "geom_name": "dark_cube_g0_vis",
    "body_id": 21,
    "body_name": "dark_cube_main",
    "initial_keypoint": [
      0.12648823414207555,
      -0.04398839797572345,
      0.8221871159740928
    ],
    "initial_pos": [
      0.1074785182166497,
      -0.06030597512727298,
      0.8310239217088617
    ],
    "initial_rot": [
      [
        -0.9668709072443807,
        -0.25526583932134006,
        0.0
      ],
      [
        0.25526583932134006,
        -0.9668709072443807,
        0.0
      ],
      [
        0.0,
        0.0,
        1.0
      ]
    ],
    "keypoint_offset": [
      0.019009715925425857,
      0.01631757715154953,
      -0.008836805734768971
    ]
  },
  "360": {
    "geom_id": 75,
    "geom_name": "gripper0_right_wiping_surface_vis",
    "body_id": 14,
    "body_name": "gripper0_right_wiping_gripper",
    "initial_keypoint": [
      -0.09046821450230014,
      -0.020370245715039627,
      1.1063570438778245
    ],
    "initial_pos": [
      -0.1141976276602377,
      0.007076879148676764,
      1.0993605951489929
    ],
    "initial_rot": [
      [
        -0.002120969238528368,
        0.9886128596699627,
        0.15046632574986718
      ],
      [
        0.9999876316087207,
        0.00141989811174489,
        0.00476660454945331
      ],
      [
        0.004498679702737471,
        0.15047457454509777,
        -0.9886036436795088
      ]
    ],
    "keypoint_offset": [
      0.023729413157937557,
      -0.02744712486371639,
      0.00699644872883165
    ]
  },
  "384": {
    "geom_id": 75,
    "geom_name": "gripper0_right_wiping_surface_vis",
    "body_id": 14,
    "body_name": "gripper0_right_wiping_gripper",
    "initial_keypoint": [
      -0.09049564800493892,
      0.0,
      1.1063457240819141
    ],
    "initial_pos": [
      -0.1141976276602377,
      0.007076879148676764,
      1.0993605951489929
    ],
    "initial_rot": [
      [
        -0.002120969238528368,
        0.9886128596699627,
        0.15046632574986718
      ],
      [
        0.9999876316087207,
        0.00141989811174489,
        0.00476660454945331
      ],
      [
        0.004498679702737471,
        0.15047457454509777,
        -0.9886036436795088
      ]
    ],
    "keypoint_offset": [
      0.02370197965529877,
      -0.007076879148676764,
      0.006985128932921247
    ]
  },
  "408": {
    "geom_id": 75,
    "geom_name": "gripper0_right_wiping_surface_vis",
    "body_id": 14,
    "body_name": "gripper0_right_wiping_gripper",
    "initial_keypoint": [
      -0.09052498992515268,
      0.020372204379851176,
      1.1063336168219404
    ],
    "initial_pos": [
      -0.1141976276602377,
      0.007076879148676764,
      1.0993605951489929
    ],
    "initial_rot": [
      [
        -0.002120969238528368,
        0.9886128596699627,
        0.15046632574986718
      ],
      [
        0.9999876316087207,
        0.00141989811174489,
        0.00476660454945331
      ],
      [
        0.004498679702737471,
        0.15047457454509777,
        -0.9886036436795088
      ]
    ],
    "keypoint_offset": [
      0.023672637735085017,
      0.013295325231174413,
      0.006973021672947555
    ]
  },
  "432": {
    "geom_id": 75,
    "geom_name": "gripper0_right_wiping_surface_vis",
    "body_id": 14,
    "body_name": "gripper0_right_wiping_gripper",
    "initial_keypoint": [
      -0.09055242342779146,
      0.04074630158704124,
      1.10632229702603
    ],
    "initial_pos": [
      -0.1141976276602377,
      0.007076879148676764,
      1.0993605951489929
    ],
    "initial_rot": [
      [
        -0.002120969238528368,
        0.9886128596699627,
        0.15046632574986718
      ],
      [
        0.9999876316087207,
        0.00141989811174489,
        0.00476660454945331
      ],
      [
        0.004498679702737471,
        0.15047457454509777,
        -0.9886036436795088
      ]
    ],
    "keypoint_offset": [
      0.023645204232446232,
      0.033669422438364474,
      0.006961701877037152
    ]
  },
  "443": {
    "geom_id": 119,
    "geom_name": "red_cube_g0_vis",
    "body_id": 22,
    "body_name": "red_cube_main",
    "initial_keypoint": [
      -0.03592000700957165,
      0.05051280921919726,
      0.851200253188388
    ],
    "initial_pos": [
      -0.042574245054711024,
      0.07139817379296176,
      0.8307035579203049
    ],
    "initial_rot": [
      [
        -0.29079609377167276,
        -0.956785049970544,
        0.0
      ],
      [
        0.956785049970544,
        -0.29079609377167276,
        0.0
      ],
      [
        0.0,
        0.0,
        1.0
      ]
    ],
    "keypoint_offset": [
      0.006654238045139371,
      -0.020885364573764498,
      0.020496695268083065
    ]
  },
  "444": {
    "geom_id": 119,
    "geom_name": "red_cube_g0_vis",
    "body_id": 22,
    "body_name": "red_cube_main",
    "initial_keypoint": [
      -0.031573668992482484,
      0.05182791685036407,
      0.8198651842562047
    ],
    "initial_pos": [
      -0.042574245054711024,
      0.07139817379296176,
      0.8307035579203049
    ],
    "initial_rot": [
      [
        -0.29079609377167276,
        -0.956785049970544,
        0.0
      ],
      [
        0.956785049970544,
        -0.29079609377167276,
        0.0
      ],
      [
        0.0,
        0.0,
        1.0
      ]
    ],
    "keypoint_offset": [
      0.01100057606222854,
      -0.01957025694259769,
      -0.010838373664100232
    ]
  },
  "456": {
    "geom_id": 75,
    "geom_name": "gripper0_right_wiping_surface_vis",
    "body_id": 14,
    "body_name": "gripper0_right_wiping_gripper",
    "initial_keypoint": [
      -0.09057788887480633,
      0.06112208793688916,
      1.106311789302435
    ],
    "initial_pos": [
      -0.1141976276602377,
      0.007076879148676764,
      1.0993605951489929
    ],
    "initial_rot": [
      [
        -0.002120969238528368,
        0.9886128596699627,
        0.15046632574986718
      ],
      [
        0.9999876316087207,
        0.00141989811174489,
        0.00476660454945331
      ],
      [
        0.004498679702737471,
        0.15047457454509777,
        -0.9886036436795088
      ]
    ],
    "keypoint_offset": [
      0.02361973878543136,
      0.054045208788212395,
      0.006951194153442142
    ]
  },
  "467": {
    "geom_id": 119,
    "geom_name": "red_cube_g0_vis",
    "body_id": 22,
    "body_name": "red_cube_main",
    "initial_keypoint": [
      -0.034860326192267976,
      0.07561939448750168,
      0.8521865356866318
    ],
    "initial_pos": [
      -0.042574245054711024,
      0.07139817379296176,
      0.8307035579203049
    ],
    "initial_rot": [
      [
        -0.29079609377167276,
        -0.956785049970544,
        0.0
      ],
      [
        0.956785049970544,
        -0.29079609377167276,
        0.0
      ],
      [
        0.0,
        0.0,
        1.0
      ]
    ],
    "keypoint_offset": [
      0.007713918862443048,
      0.004221220694539923,
      0.021482977766326905
    ]
  },
  "468": {
    "geom_id": 119,
    "geom_name": "red_cube_g0_vis",
    "body_id": 22,
    "body_name": "red_cube_main",
    "initial_keypoint": [
      -0.023171246724807526,
      0.07651303325034924,
      0.8282448630110197
    ],
    "initial_pos": [
      -0.042574245054711024,
      0.07139817379296176,
      0.8307035579203049
    ],
    "initial_rot": [
      [
        -0.29079609377167276,
        -0.956785049970544,
        0.0
      ],
      [
        0.956785049970544,
        -0.29079609377167276,
        0.0
      ],
      [
        0.0,
        0.0,
        1.0
      ]
    ],
    "keypoint_offset": [
      0.019402998329903498,
      0.0051148594573874745,
      -0.002458694909285186
    ]
  }
}