{
  "228": {
    "geom_id": 121,
    "geom_name": "light_cube_g0_vis",
    "body_id": 23,
    "body_name": "light_cube_main",
    "initial_keypoint": [
      -0.006419621342907744,
      -0.17281397565524434,
      0.8449511454197673
    ],
    "initial_pos": [
      -0.021516032343373487,
      -0.14784811283125576,
      0.8316124707834174
    ],
    "initial_rot": [
      [
        0.22704563843449765,
        -0.9738841194248273,
        0.0
      ],
      [
        0.9738841194248273,
        0.22704563843449765,
        0.0
      ],
      [
        0.0,
        0.0,
        1.0
      ]
    ],
    "keypoint_offset": [
      0.015096411000465743,
      -0.024965862823988577,
      0.013338674636349968
    ]
  },
  "251": {
    "geom_id": 121,
    "geom_name": "light_cube_g0_vis",
    "body_id": 23,
    "body_name": "light_cube_main",
    "initial_keypoint": [
      -0.03290803902261419,
      -0.15068675411130006,
      0.8540035985564445
    ],
    "initial_pos": [
      -0.021516032343373487,
      -0.14784811283125576,
      0.8316124707834174
    ],
    "initial_rot": [
      [
        0.22704563843449765,
        -0.9738841194248273,
        0.0
      ],
      [
        0.9738841194248273,
        0.22704563843449765,
        0.0
      ],
      [
        0.0,
        0.0,
        1.0
      ]
    ],
    "keypoint_offset": [
      -0.011392006679240702,
      -0.002838641280044296,
      0.022391127773027097
    ]
  },
  "252": {
    "geom_id": 121,
    "geom_name": "light_cube_g0_vis",
    "body_id": 23,
    "body_name": "light_cube_main",
    "initial_keypoint": [
      -0.00023104833247267198,
      -0.14631612525927706,
      0.8511229673213717
    ],
    "initial_pos": [
      -0.021516032343373487,
      -0.14784811283125576,
      0.8316124707834174
    ],
    "initial_rot": [
      [
        0.22704563843449765,
        -0.9738841194248273,
        0.0
      ],
      [
        0.9738841194248273,
        0.22704563843449765,
        0.0
      ],
      [
        0.0,
        0.0,
        1.0
      ]
    ],
    "keypoint_offset": [
      0.021284984010900815,
      0.001531987571978699,
      0.019510496537954336
    ]
  },
  "253": {
    "geom_id": 121,
    "geom_name": "light_cube_g0_vis",
    "body_id": 23,
    "body_name": "light_cube_main",
    "initial_keypoint": [
      -0.0015679374868459162,
      -0.15193751384262869,
      0.814026116171469
    ],
    "initial_pos": [
      -0.021516032343373487,
      -0.14784811283125576,
      0.8316124707834174
    ],
    "initial_rot": [
      [
        0.22704563843449765,
        -0.9738841194248273,
        0.0
      ],
      [
        0.9738841194248273,
        0.22704563843449765,
        0.0
      ],
      [
        0.0,
        0.0,
        1.0
      ]
    ],
    "keypoint_offset": [
      0.01994809485652757,
      -0.004089401011372923,
      -0.01758635461194835
    ]
  },
  "275": {
    "geom_id": 121,
    "geom_name": "light_cube_g0_vis",
    "body_id": 23,
    "body_name": "light_cube_main",
    "initial_keypoint": [
      -0.032910221861194744,
      -0.12557280944800517,
      0.8540015669112044
    ],
    "initial_pos": [
      -0.021516032343373487,
      -0.14784811283125576,
      0.8316124707834174
    ],
    "initial_rot": [
      [
        0.22704563843449765,
        -0.9738841194248273,
        0.0
      ],
      [
        0.9738841194248273,
        0.22704563843449765,
        0.0
      ],
      [
        0.0,
        0.0,
        1.0
      ]
    ],
    "keypoint_offset": [
      -0.011394189517821257,
      0.022275303383250594,
      0.022389096127787056
    ]
  },
  "276": {
    "geom_id": 121,
    "geom_name": "light_cube_g0_vis",
    "body_id": 23,
    "body_name": "light_cube_main",
    "initial_keypoint": [
      -0.019205723427958232,
      -0.12655513540136382,
      0.8321996525066835
    ],
    "initial_pos": [
      -0.021516032343373487,
      -0.14784811283125576,
      0.8316124707834174
    ],
    "initial_rot": [
      [
        0.22704563843449765,
        -0.9738841194248273,
        0.0
      ],
      [
        0.9738841194248273,
        0.22704563843449765,
        0.0
      ],
      [
        0.0,
        0.0,
        1.0
      ]
    ],
    "keypoint_offset": [
      0.0023103089154152545,
      0.021292977429891946,
      0.0005871817232661058
    ]
  },
  "360": {
    "geom_id": 75,
    "geom_name": "gripper0_right_wiping_surface_vis",
    "body_id": 14,
    "body_name": "gripper0_right_wiping_gripper",
    "initial_keypoint": [
      -0.0855682927407524,
      -0.02020120594657161,
      1.108378882468674
    ],
    "initial_pos": [
      -0.11207910336273373,
      0.020361488995340366,
      1.1028075455461308
    ],
    "initial_rot": [
      [
        -0.06297643614116809,
        0.9875919128893368,
        0.14386167692104768
      ],
      [
        0.9980144487686441,
        0.062472122277385425,
        0.008024586417795979
      ],
      [
        -0.0010623276211444849,
        0.14408139204539194,
        -0.9895652701698283
      ]
    ],
    "keypoint_offset": [
      0.026510810621981337,
      -0.040562694941911975,
      0.005571336922543191
    ]
  },
  "384": {
    "geom_id": 75,
    "geom_name": "gripper0_right_wiping_surface_vis",
    "body_id": 14,
    "body_name": "gripper0_right_wiping_gripper",
    "initial_keypoint": [
      -0.0867759632373547,
      0.0,
      1.1078805653660986
    ],
    "initial_pos": [
      -0.11207910336273373,
      0.020361488995340366,
      1.1028075455461308
    ],
    "initial_rot": [
      [
        -0.06297643614116809,
        0.9875919128893368,
        0.14386167692104768
      ],
      [
        0.9980144487686441,
        0.062472122277385425,
        0.008024586417795979
      ],
      [
        -0.0010623276211444849,
        0.14408139204539194,
        -0.9895652701698283
      ]
    ],
    "keypoint_offset": [
      0.02530314012537903,
      -0.020361488995340366,
      0.005073019819967772
    ]
  },
  "401": {
    "geom_id": 117,
    "geom_name": "blue_cube_g0_vis",
    "body_id": 21,
    "body_name": "blue_cube_main",
    "initial_keypoint": [
      0.14663216554089803,
      0.0,
      0.8506526892146336
    ],
    "initial_pos": [
      0.14614237749523942,
      0.019250414540276373,
      0.8300036909389962
    ],
    "initial_rot": [
      [
        -0.5397847605591265,
        0.8418030721422479,
        0.0
      ],
      [
        -0.8418030721422479,
        -0.5397847605591265,
        0.0
      ],
      [
        0.0,
        0.0,
        1.0
      ]
    ],
    "keypoint_offset": [
      0.0004897880456586068,
      -0.019250414540276373,
      0.020648998275637376
    ]
  },
  "402": {
    "geom_id": 117,
    "geom_name": "blue_cube_g0_vis",
    "body_id": 21,
    "body_name": "blue_cube_main",
    "initial_keypoint": [
      0.15731140288002754,
      0.0,
      0.829825869300482
    ],
    "initial_pos": [
      0.14614237749523942,
      0.019250414540276373,
      0.8300036909389962
    ],
    "initial_rot": [
      [
        -0.5397847605591265,
        0.8418030721422479,
        0.0
      ],
      [
        -0.8418030721422479,
        -0.5397847605591265,
        0.0
      ],
      [
        0.0,
        0.0,
        1.0
      ]
    ],
    "keypoint_offset": [
      0.011169025384788117,
      -0.019250414540276373,
      -0.0001778216385142084
    ]
  },
  "408": {
    "geom_id": 75,
    "geom_name": "gripper0_right_wiping_surface_vis",
    "body_id": 14,
    "body_name": "gripper0_right_wiping_gripper",
    "initial_keypoint": [
      -0.08798667527446691,
      0.020284636426375242,
      1.1073809932426721
    ],
    "initial_pos": [
      -0.11207910336273373,
      0.020361488995340366,
      1.1028075455461308
    ],
    "initial_rot": [
      [
        -0.06297643614116809,
        0.9875919128893368,
        0.14386167692104768
      ],
      [
        0.9980144487686441,
        0.062472122277385425,
        0.008024586417795979
      ],
      [
        -0.0010623276211444849,
        0.14408139204539194,
        -0.9895652701698283
      ]
    ],
    "keypoint_offset": [
      0.024092428088266823,
      -7.68525689651238e-05,
      0.004573447696541333
    ]
  },
  "425": {
    "geom_id": 117,
    "geom_name": "blue_cube_g0_vis",
    "body_id": 21,
    "body_name": "blue_cube_main",
    "initial_keypoint": [
      0.14663216554089803,
      0.020808025817209686,
      0.8506526892146336
    ],
    "initial_pos": [
      0.14614237749523942,
      0.019250414540276373,
      0.8300036909389962
    ],
    "initial_rot": [
      [
        -0.5397847605591265,
        0.8418030721422479,
        0.0
      ],
      [
        -0.8418030721422479,
        -0.5397847605591265,
        0.0
      ],
      [
        0.0,
        0.0,
        1.0
      ]
    ],
    "keypoint_offset": [
      0.0004897880456586068,
      0.0015576112769333135,
      0.020648998275637376
    ]
  },
  "426": {
    "geom_id": 117,
    "geom_name": "blue_cube_g0_vis",
    "body_id": 21,
    "body_name": "blue_cube_main",
    "initial_keypoint": [
      0.17031358340242753,
      0.020255814015298596,
      0.8495621488477989
    ],
    "initial_pos": [
      0.14614237749523942,
      0.019250414540276373,
      0.8300036909389962
    ],
    "initial_rot": [
      [
        -0.5397847605591265,
        0.8418030721422479,
        0.0
      ],
      [
        -0.8418030721422479,
        -0.5397847605591265,
        0.0
      ],
      [
        0.0,
        0.0,
        1.0
      ]
    ],
    "keypoint_offset": [
      0.024171205907188104,
      0.0010053994750222235,
      0.01955845790880273
    ]
  },
  "427": {
    "geom_id": 117,
    "geom_name": "blue_cube_g0_vis",
    "body_id": 21,
    "body_name": "blue_cube_main",
    "initial_keypoint": [
      0.1708640151685602,
      0.02113912658204408,
      0.8127712650434645
    ],
    "initial_pos": [
      0.14614237749523942,
      0.019250414540276373,
      0.8300036909389962
    ],
    "initial_rot": [
      [
        -0.5397847605591265,
        0.8418030721422479,
        0.0
      ],
      [
        -0.8418030721422479,
        -0.5397847605591265,
        0.0
      ],
      [
        0.0,
        0.0,
        1.0
      ]
    ],
    "keypoint_offset": [
      0.02472163767332078,
      0.001888712041767708,
      -0.017232425895531644
    ]
  },
  "432": {
    "geom_id": 75,
    "geom_name": "gripper0_right_wiping_surface_vis",
    "body_id": 14,
    "body_name": "gripper0_right_wiping_gripper",
    "initial_keypoint": [
      -0.08920436496333728,
      0.040653289697544975,
      1.1068785419537641
    ],
    "initial_pos": [
      -0.11207910336273373,
      0.020361488995340366,
      1.1028075455461308
    ],
    "initial_rot": [
      [
        -0.06297643614116809,
        0.9875919128893368,
        0.14386167692104768
      ],
      [
        0.9980144487686441,
        0.062472122277385425,
        0.008024586417795979
      ],
      [
        -0.0010623276211444849,
        0.14408139204539194,
        -0.9895652701698283
      ]
    ],
    "keypoint_offset": [
      0.022874738399396452,
      0.02029180070220461,
      0.004070996407633309
    ]
  },
  "449": {
    "geom_id": 117,
    "geom_name": "blue_cube_g0_vis",
    "body_id": 21,
    "body_name": "blue_cube_main",
    "initial_keypoint": [
      0.14663216554089803,
      0.04161605163441937,
      0.8506526892146336
    ],
    "initial_pos": [
      0.14614237749523942,
      0.019250414540276373,
      0.8300036909389962
    ],
    "initial_rot": [
      [
        -0.5397847605591265,
        0.8418030721422479,
        0.0
      ],
      [
        -0.8418030721422479,
        -0.5397847605591265,
        0.0
      ],
      [
        0.0,
        0.0,
        1.0
      ]
    ],
    "keypoint_offset": [
      0.0004897880456586068,
      0.022365637094143,
      0.020648998275637376
    ]
  },
  "456": {
    "geom_id": 75,
    "geom_name": "gripper0_right_wiping_surface_vis",
    "body_id": 14,
    "body_name": "gripper0_right_wiping_gripper",
    "initial_keypoint": [
      -0.09042515583076693,
      0.061106280771188404,
      1.1063748110357532
    ],
    "initial_pos": [
      -0.11207910336273373,
      0.020361488995340366,
      1.1028075455461308
    ],
    "initial_rot": [
      [
        -0.06297643614116809,
        0.9875919128893368,
        0.14386167692104768
      ],
      [
        0.9980144487686441,
        0.062472122277385425,
        0.008024586417795979
      ],
      [
        -0.0010623276211444849,
        0.14408139204539194,
        -0.9895652701698283
      ]
    ],
    "keypoint_offset": [
      0.021653947531966797,
      0.04074479177584804,
      0.0035672654896223843
    ]
  },
  "492": {
    "geom_id": 119,
    "geom_name": "dark_cube_g0_vis",
    "body_id": 22,
    "body_name": "dark_cube_main",
    "initial_keypoint": [
      0.002521323048497226,
      0.09700737642908436,
      0.8538678886371219
    ],
    "initial_pos": [
      0.020425414264099606,
      0.1183776186644547,
      0.8315584122882106
    ],
    "initial_rot": [
      [
        -0.1120612705505663,
        -0.993701299004179,
        0.0
      ],
      [
        0.993701299004179,
        -0.1120612705505663,
        0.0
      ],
      [
        0.0,
        0.0,
        1.0
      ]
    ],
    "keypoint_offset": [
      -0.01790409121560238,
      -0.021370242235370346,
      0.02230947634891134
    ]
  },
  "493": {
    "geom_id": 119,
    "geom_name": "dark_cube_g0_vis",
    "body_id": 22,
    "body_name": "dark_cube_main",
    "initial_keypoint": [
      0.018130851635037082,
      0.09731350421757151,
      0.8350761788315284
    ],
    "initial_pos": [
      0.020425414264099606,
      0.1183776186644547,
      0.8315584122882106
    ],
    "initial_rot": [
      [
        -0.1120612705505663,
        -0.993701299004179,
        0.0
      ],
      [
        0.993701299004179,
        -0.1120612705505663,
        0.0
      ],
      [
        0.0,
        0.0,
        1.0
      ]
    ],
    "keypoint_offset": [
      -0.0022945626290625243,
      -0.021064114446883192,
      0.003517766543317813
    ]
  },
  "494": {
    "geom_id": 119,
    "geom_name": "dark_cube_g0_vis",
    "body_id": 22,
    "body_name": "dark_cube_main",
    "initial_keypoint": [
      0.029314785048401237,
      0.09856905773987798,
      0.8109842432975399
    ],
    "initial_pos": [
      0.020425414264099606,
      0.1183776186644547,
      0.8315584122882106
    ],
    "initial_rot": [
      [
        -0.1120612705505663,
        -0.993701299004179,
        0.0
      ],
      [
        0.993701299004179,
        -0.1120612705505663,
        0.0
      ],
      [
        0.0,
        0.0,
        1.0
      ]
    ],
    "keypoint_offset": [
      0.008889370784301631,
      -0.019808560924576724,
      -0.02057416899067066
    ]
  },
  "516": {
    "geom_id": 119,
    "geom_name": "dark_cube_g0_vis",
    "body_id": 22,
    "body_name": "dark_cube_main",
    "initial_keypoint": [
      0.002521323048497226,
      0.12125922053635545,
      0.8538678886371219
    ],
    "initial_pos": [
      0.020425414264099606,
      0.1183776186644547,
      0.8315584122882106
    ],
    "initial_rot": [
      [
        -0.1120612705505663,
        -0.993701299004179,
        0.0
      ],
      [
        0.993701299004179,
        -0.1120612705505663,
        0.0
      ],
      [
        0.0,
        0.0,
        1.0
      ]
    ],
    "keypoint_offset": [
      -0.01790409121560238,
      0.0028816018719007436,
      0.02230947634891134
    ]
  },
  "517": {
    "geom_id": 119,
    "geom_name": "dark_cube_g0_vis",
    "body_id": 22,
    "body_name": "dark_cube_main",
    "initial_keypoint": [
      0.03569338739092731,
      0.1172084362987635,
      0.8538434480196806
    ],
    "initial_pos": [
      0.020425414264099606,
      0.1183776186644547,
      0.8315584122882106
    ],
    "initial_rot": [
      [
        -0.1120612705505663,
        -0.993701299004179,
        0.0
      ],
      [
        0.993701299004179,
        -0.1120612705505663,
        0.0
      ],
      [
        0.0,
        0.0,
        1.0
      ]
    ],
    "keypoint_offset": [
      0.015267973126827705,
      -0.0011691823656912043,
      0.022285035731470004
    ]
  },
  "518": {
    "geom_id": 119,
    "geom_name": "dark_cube_g0_vis",
    "body_id": 22,
    "body_name": "dark_cube_main",
    "initial_keypoint": [
      0.041414910052767595,
      0.12004387107821123,
      0.8248409735032965
    ],
    "initial_pos": [
      0.020425414264099606,
      0.1183776186644547,
      0.8315584122882106
    ],
    "initial_rot": [
      [
        -0.1120612705505663,
        -0.993701299004179,
        0.0
      ],
      [
        0.993701299004179,
        -0.1120612705505663,
        0.0
      ],
      [
        0.0,
        0.0,
        1.0
      ]
    ],
    "keypoint_offset": [
      0.02098949578866799,
      0.0016662524137565221,
      -0.006717438784914043
    ]
  }
}