{
  "278": {
    "geom_id": 119,
    "geom_name": "blue_cube_g0_vis",
    "body_id": 22,
    "body_name": "blue_cube_main",
    "initial_keypoint": [
      0.06271219897261726,
      -0.11446887733887262,
      0.8492300427542272
    ],
    "initial_pos": [
      0.060425866976764275,
      -0.08629779333643402,
      0.8300050058769487
    ],
    "initial_rot": [
      [
        0.7661463724952668,
        0.642666115422576,
        0.0
      ],
      [
        -0.642666115422576,
        0.7661463724952668,
        0.0
      ],
      [
        0.0,
        0.0,
        1.0
      ]
    ],
    "keypoint_offset": [
      0.002286331995852986,
      -0.028171084002438604,
      0.0192250368772785
    ]
  },
  "298": {
    "geom_id": 123,
    "geom_name": "green_cube_g0_vis",
    "body_id": 24,
    "body_name": "green_cube_main",
    "initial_keypoint": [
      -0.07042127681673349,
      -0.10406621512716777,
      0.8546091317965017
    ],
    "initial_pos": [
      -0.08166750944615427,
      -0.10230909564145063,
      0.831901640919077
    ],
    "initial_rot": [
      [
        -0.49525374275621076,
        -0.8687483699472275,
        0.0
      ],
      [
        0.8687483699472275,
        -0.49525374275621076,
        0.0
      ],
      [
        0.0,
        0.0,
        1.0
      ]
    ],
    "keypoint_offset": [
      0.011246232629420774,
      -0.0017571194857171346,
      0.02270749087742463
    ]
  },
  "299": {
    "geom_id": 123,
    "geom_name": "green_cube_g0_vis",
    "body_id": 24,
    "body_name": "green_cube_main",
    "initial_keypoint": [
      -0.05723590597292705,
      -0.10504385221802061,
      0.8313607904571643
    ],
    "initial_pos": [
      -0.08166750944615427,
      -0.10230909564145063,
      0.831901640919077
    ],
    "initial_rot": [
      [
        -0.49525374275621076,
        -0.8687483699472275,
        0.0
      ],
      [
        0.8687483699472275,
        -0.49525374275621076,
        0.0
      ],
      [
        0.0,
        0.0,
        1.0
      ]
    ],
    "keypoint_offset": [
      0.024431603473227217,
      -0.002734756576569977,
      -0.0005408504619127674
    ]
  },
  "302": {
    "geom_id": 119,
    "geom_name": "blue_cube_g0_vis",
    "body_id": 22,
    "body_name": "blue_cube_main",
    "initial_keypoint": [
      0.06401018058632674,
      -0.09130328363554935,
      0.8507164555827487
    ],
    "initial_pos": [
      0.060425866976764275,
      -0.08629779333643402,
      0.8300050058769487
    ],
    "initial_rot": [
      [
        0.7661463724952668,
        0.642666115422576,
        0.0
      ],
      [
        -0.642666115422576,
        0.7661463724952668,
        0.0
      ],
      [
        0.0,
        0.0,
        1.0
      ]
    ],
    "keypoint_offset": [
      0.0035843136095624617,
      -0.005005490299115331,
      0.020711449705799967
    ]
  },
  "303": {
    "geom_id": 119,
    "geom_name": "blue_cube_g0_vis",
    "body_id": 22,
    "body_name": "blue_cube_main",
    "initial_keypoint": [
      0.08259413680148475,
      -0.09076713617696658,
      0.8375810833761971
    ],
    "initial_pos": [
      0.060425866976764275,
      -0.08629779333643402,
      0.8300050058769487
    ],
    "initial_rot": [
      [
        0.7661463724952668,
        0.642666115422576,
        0.0
      ],
      [
        -0.642666115422576,
        0.7661463724952668,
        0.0
      ],
      [
        0.0,
        0.0,
        1.0
      ]
    ],
    "keypoint_offset": [
      0.022168269824720477,
      -0.004469342840532561,
      0.007576077499248379
    ]
  },
  "312": {
    "geom_id": 75,
    "geom_name": "gripper0_right_wiping_surface_vis",
    "body_id": 14,
    "body_name": "gripper0_right_wiping_gripper",
    "initial_keypoint": [
      -0.10596128511759995,
      -0.06271419850457648,
      1.0999641891374503
    ],
    "initial_pos": [
      -0.12098768329341691,
      -0.01966126940465864,
      1.0821324019226795
    ],
    "initial_rot": [
      [
        0.04088442345573211,
        0.9944184236460233,
        0.09726490956171219
      ],
      [
        0.9991180665903253,
        -0.03975615898248393,
        -0.01351061937023746
      ],
      [
        -0.009568329608680627,
        0.09773150227186286,
        -0.9951668204538282
      ]
    ],
    "keypoint_offset": [
      0.015026398175816968,
      -0.04305292909991784,
      0.017831787214770856
    ]
  },
  "313": {
    "geom_id": 75,
    "geom_name": "gripper0_right_wiping_surface_vis",
    "body_id": 14,
    "body_name": "gripper0_right_wiping_gripper",
    "initial_keypoint": [
      -0.0981616620742507,
      -0.06345274681347521,
      1.0820434533629433
    ],
    "initial_pos": [
      -0.12098768329341691,
      -0.01966126940465864,
      1.0821324019226795
    ],
    "initial_rot": [
      [
        0.04088442345573211,
        0.9944184236460233,
        0.09726490956171219
      ],
      [
        0.9991180665903253,
        -0.03975615898248393,
        -0.01351061937023746
      ],
      [
        -0.009568329608680627,
        0.09773150227186286,
        -0.9951668204538282
      ]
    ],
    "keypoint_offset": [
      0.022826021219166215,
      -0.04379147740881657,
      -8.894855973617943e-05
    ]
  },
  "322": {
    "geom_id": 123,
    "geom_name": "green_cube_g0_vis",
    "body_id": 24,
    "body_name": "green_cube_main",
    "initial_keypoint": [
      -0.07245982542951634,
      -0.07832859208539256,
      0.8528387238397768
    ],
    "initial_pos": [
      -0.08166750944615427,
      -0.10230909564145063,
      0.831901640919077
    ],
    "initial_rot": [
      [
        -0.49525374275621076,
        -0.8687483699472275,
        0.0
      ],
      [
        0.8687483699472275,
        -0.49525374275621076,
        0.0
      ],
      [
        0.0,
        0.0,
        1.0
      ]
    ],
    "keypoint_offset": [
      0.009207684016637921,
      0.023980503556058075,
      0.020937082920699734
    ]
  },
  "323": {
    "geom_id": 123,
    "geom_name": "green_cube_g0_vis",
    "body_id": 24,
    "body_name": "green_cube_main",
    "initial_keypoint": [
      -0.07111779889611736,
      -0.0807455330273167,
      0.8184404206542328
    ],
    "initial_pos": [
      -0.08166750944615427,
      -0.10230909564145063,
      0.831901640919077
    ],
    "initial_rot": [
      [
        -0.49525374275621076,
        -0.8687483699472275,
        0.0
      ],
      [
        0.8687483699472275,
        -0.49525374275621076,
        0.0
      ],
      [
        0.0,
        0.0,
        1.0
      ]
    ],
    "keypoint_offset": [
      0.010549710550036909,
      0.021563562614133933,
      -0.013461220264844198
    ]
  },
  "326": {
    "geom_id": 119,
    "geom_name": "blue_cube_g0_vis",
    "body_id": 22,
    "body_name": "blue_cube_main",
    "initial_keypoint": [
      0.06401179181422223,
      -0.06847720966387648,
      0.8507183007165999
    ],
    "initial_pos": [
      0.060425866976764275,
      -0.08629779333643402,
      0.8300050058769487
    ],
    "initial_rot": [
      [
        0.7661463724952668,
        0.642666115422576,
        0.0
      ],
      [
        -0.642666115422576,
        0.7661463724952668,
        0.0
      ],
      [
        0.0,
        0.0,
        1.0
      ]
    ],
    "keypoint_offset": [
      0.0035859248374579544,
      0.01782058367255754,
      0.02071329483965123
    ]
  },
  "327": {
    "geom_id": 119,
    "geom_name": "blue_cube_g0_vis",
    "body_id": 22,
    "body_name": "blue_cube_main",
    "initial_keypoint": [
      0.07329317611386926,
      -0.06959225984726972,
      0.8261629682529752
    ],
    "initial_pos": [
      0.060425866976764275,
      -0.08629779333643402,
      0.8300050058769487
    ],
    "initial_rot": [
      [
        0.7661463724952668,
        0.642666115422576,
        0.0
      ],
      [
        -0.642666115422576,
        0.7661463724952668,
        0.0
      ],
      [
        0.0,
        0.0,
        1.0
      ]
    ],
    "keypoint_offset": [
      0.012867309137104987,
      0.0167055334891643,
      -0.0038420376239735043
    ]
  },
  "337": {
    "geom_id": 75,
    "geom_name": "gripper0_right_wiping_surface_vis",
    "body_id": 14,
    "body_name": "gripper0_right_wiping_gripper",
    "initial_keypoint": [
      -0.09734939660133368,
      -0.04224438801409018,
      1.0824073213017888
    ],
    "initial_pos": [
      -0.12098768329341691,
      -0.01966126940465864,
      1.0821324019226795
    ],
    "initial_rot": [
      [
        0.04088442345573211,
        0.9944184236460233,
        0.09726490956171219
      ],
      [
        0.9991180665903253,
        -0.03975615898248393,
        -0.01351061937023746
      ],
      [
        -0.009568329608680627,
        0.09773150227186286,
        -0.9951668204538282
      ]
    ],
    "keypoint_offset": [
      0.023638286692083232,
      -0.022583118609431543,
      0.0002749193791093951
    ]
  },
  "353": {
    "geom_id": 117,
    "geom_name": "light_cube_g0_vis",
    "body_id": 21,
    "body_name": "light_cube_main",
    "initial_keypoint": [
      0.1472724357467895,
      -0.041540647154016834,
      0.8515574608840112
    ],
    "initial_pos": [
      0.14397822697459864,
      -0.031575584500887974,
      0.8304572514989127
    ],
    "initial_rot": [
      [
        0.9950132807989343,
        -0.09974252369847654,
        0.0
      ],
      [
        0.09974252369847654,
        0.9950132807989343,
        0.0
      ],
      [
        0.0,
        0.0,
        1.0
      ]
    ],
    "keypoint_offset": [
      0.0032942087721908597,
      -0.00996506265312886,
      0.02110020938509849
    ]
  },
  "354": {
    "geom_id": 117,
    "geom_name": "light_cube_g0_vis",
    "body_id": 21,
    "body_name": "light_cube_main",
    "initial_keypoint": [
      0.1654071880104767,
      -0.04111452234192809,
      0.8421146294983802
    ],
    "initial_pos": [
      0.14397822697459864,
      -0.031575584500887974,
      0.8304572514989127
    ],
    "initial_rot": [
      [
        0.9950132807989343,
        -0.09974252369847654,
        0.0
      ],
      [
        0.09974252369847654,
        0.9950132807989343,
        0.0
      ],
      [
        0.0,
        0.0,
        1.0
      ]
    ],
    "keypoint_offset": [
      0.021428961035878075,
      -0.009538937841040117,
      0.011657377999467533
    ]
  },
  "361": {
    "geom_id": 75,
    "geom_name": "gripper0_right_wiping_surface_vis",
    "body_id": 14,
    "body_name": "gripper0_right_wiping_gripper",
    "initial_keypoint": [
      -0.09653934216623683,
      -0.02109355059159723,
      1.0827701987691676
    ],
    "initial_pos": [
      -0.12098768329341691,
      -0.01966126940465864,
      1.0821324019226795
    ],
    "initial_rot": [
      [
        0.04088442345573211,
        0.9944184236460233,
        0.09726490956171219
      ],
      [
        0.9991180665903253,
        -0.03975615898248393,
        -0.01351061937023746
      ],
      [
        -0.009568329608680627,
        0.09773150227186286,
        -0.9951668204538282
      ]
    ],
    "keypoint_offset": [
      0.024448341127180084,
      -0.0014322811869385901,
      0.0006377968464881256
    ]
  },
  "371": {
    "geom_id": 121,
    "geom_name": "dark_cube_g0_vis",
    "body_id": 23,
    "body_name": "dark_cube_main",
    "initial_keypoint": [
      -0.034218178738647964,
      -0.025176202223376208,
      0.8527842050833552
    ],
    "initial_pos": [
      -0.03818806153409719,
      -0.013807204513580085,
      0.8310022183124314
    ],
    "initial_rot": [
      [
        -0.1448739330243346,
        0.989450121800013,
        0.0
      ],
      [
        -0.989450121800013,
        -0.1448739330243346,
        0.0
      ],
      [
        0.0,
        0.0,
        1.0
      ]
    ],
    "keypoint_offset": [
      0.003969882795449228,
      -0.011368997709796123,
      0.0217819867709238
    ]
  },
  "372": {
    "geom_id": 121,
    "geom_name": "dark_cube_g0_vis",
    "body_id": 23,
    "body_name": "dark_cube_main",
    "initial_keypoint": [
      -0.018347337732461,
      -0.025269181194136143,
      0.8330557147405071
    ],
    "initial_pos": [
      -0.03818806153409719,
      -0.013807204513580085,
      0.8310022183124314
    ],
    "initial_rot": [
      [
        -0.1448739330243346,
        0.989450121800013,
        0.0
      ],
      [
        -0.989450121800013,
        -0.1448739330243346,
        0.0
      ],
      [
        0.0,
        0.0,
        1.0
      ]
    ],
    "keypoint_offset": [
      0.019840723801636193,
      -0.011461976680556058,
      0.0020534964280757295
    ]
  },
  "377": {
    "geom_id": 117,
    "geom_name": "light_cube_g0_vis",
    "body_id": 21,
    "body_name": "light_cube_main",
    "initial_keypoint": [
      0.1472724357467895,
      -0.020770323577008417,
      0.8515574608840112
    ],
    "initial_pos": [
      0.14397822697459864,
      -0.031575584500887974,
      0.8304572514989127
    ],
    "initial_rot": [
      [
        0.9950132807989343,
        -0.09974252369847654,
        0.0
      ],
      [
        0.09974252369847654,
        0.9950132807989343,
        0.0
      ],
      [
        0.0,
        0.0,
        1.0
      ]
    ],
    "keypoint_offset": [
      0.0032942087721908597,
      0.010805260923879557,
      0.02110020938509849
    ]
  },
  "378": {
    "geom_id": 117,
    "geom_name": "light_cube_g0_vis",
    "body_id": 21,
    "body_name": "light_cube_main",
    "initial_keypoint": [
      0.16335501229840976,
      -0.020683346103365377,
      0.8389995894123122
    ],
    "initial_pos": [
      0.14397822697459864,
      -0.031575584500887974,
      0.8304572514989127
    ],
    "initial_rot": [
      [
        0.9950132807989343,
        -0.09974252369847654,
        0.0
      ],
      [
        0.09974252369847654,
        0.9950132807989343,
        0.0
      ],
      [
        0.0,
        0.0,
        1.0
      ]
    ],
    "keypoint_offset": [
      0.019376785323811124,
      0.010892238397522597,
      0.008542337913399534
    ]
  },
  "385": {
    "geom_id": 75,
    "geom_name": "gripper0_right_wiping_surface_vis",
    "body_id": 14,
    "body_name": "gripper0_right_wiping_gripper",
    "initial_keypoint": [
      -0.09573149876896025,
      0.0,
      1.0831320857650795
    ],
    "initial_pos": [
      -0.12098768329341691,
      -0.01966126940465864,
      1.0821324019226795
    ],
    "initial_rot": [
      [
        0.04088442345573211,
        0.9944184236460233,
        0.09726490956171219
      ],
      [
        0.9991180665903253,
        -0.03975615898248393,
        -0.01351061937023746
      ],
      [
        -0.009568329608680627,
        0.09773150227186286,
        -0.9951668204538282
      ]
    ],
    "keypoint_offset": [
      0.02525618452445666,
      0.01966126940465864,
      0.000999683842400012
    ]
  },
  "395": {
    "geom_id": 121,
    "geom_name": "dark_cube_g0_vis",
    "body_id": 23,
    "body_name": "dark_cube_main",
    "initial_keypoint": [
      -0.034218178738647964,
      0.0,
      0.8527842050833552
    ],
    "initial_pos": [
      -0.03818806153409719,
      -0.013807204513580085,
      0.8310022183124314
    ],
    "initial_rot": [
      [
        -0.1448739330243346,
        0.989450121800013,
        0.0
      ],
      [
        -0.989450121800013,
        -0.1448739330243346,
        0.0
      ],
      [
        0.0,
        0.0,
        1.0
      ]
    ],
    "keypoint_offset": [
      0.003969882795449228,
      0.013807204513580085,
      0.0217819867709238
    ]
  },
  "396": {
    "geom_id": 121,
    "geom_name": "dark_cube_g0_vis",
    "body_id": 23,
    "body_name": "dark_cube_main",
    "initial_keypoint": [
      -0.014643394382545916,
      0.0,
      0.8367496323287398
    ],
    "initial_pos": [
      -0.03818806153409719,
      -0.013807204513580085,
      0.8310022183124314
    ],
    "initial_rot": [
      [
        -0.1448739330243346,
        0.989450121800013,
        0.0
      ],
      [
        -0.989450121800013,
        -0.1448739330243346,
        0.0
      ],
      [
        0.0,
        0.0,
        1.0
      ]
    ],
    "keypoint_offset": [
      0.023544667151551277,
      0.013807204513580085,
      0.005747414016308405
    ]
  },
  "408": {
    "geom_id": 75,
    "geom_name": "gripper0_right_wiping_surface_vis",
    "body_id": 14,
    "body_name": "gripper0_right_wiping_gripper",
    "initial_keypoint": [
      -0.10956163414870501,
      0.02102893934186841,
      1.0984785889654758
    ],
    "initial_pos": [
      -0.12098768329341691,
      -0.01966126940465864,
      1.0821324019226795
    ],
    "initial_rot": [
      [
        0.04088442345573211,
        0.9944184236460233,
        0.09726490956171219
      ],
      [
        0.9991180665903253,
        -0.03975615898248393,
        -0.01351061937023746
      ],
      [
        -0.009568329608680627,
        0.09773150227186286,
        -0.9951668204538282
      ]
    ],
    "keypoint_offset": [
      0.011426049144711903,
      0.04069020874652705,
      0.016346187042796334
    ]
  },
  "409": {
    "geom_id": 75,
    "geom_name": "gripper0_right_wiping_surface_vis",
    "body_id": 14,
    "body_name": "gripper0_right_wiping_gripper",
    "initial_keypoint": [
      -0.09492586640950407,
      0.021036498306697845,
      1.0834929822895247
    ],
    "initial_pos": [
      -0.12098768329341691,
      -0.01966126940465864,
      1.0821324019226795
    ],
    "initial_rot": [
      [
        0.04088442345573211,
        0.9944184236460233,
        0.09726490956171219
      ],
      [
        0.9991180665903253,
        -0.03975615898248393,
        -0.01351061937023746
      ],
      [
        -0.009568329608680627,
        0.09773150227186286,
        -0.9951668204538282
      ]
    ],
    "keypoint_offset": [
      0.026061816883912847,
      0.04069776771135648,
      0.0013605803668452765
    ]
  },
  "512": {
    "geom_id": 125,
    "geom_name": "red_cube_g0_vis",
    "body_id": 25,
    "body_name": "red_cube_main",
    "initial_keypoint": [
      -0.1590226461395502,
      0.14119322304272736,
      0.8522870336390689
    ],
    "initial_pos": [
      -0.14688261257313684,
      0.1472726330760565,
      0.8307059734380159
    ],
    "initial_rot": [
      [
        0.8016803763739009,
        0.5977529373721225,
        0.0
      ],
      [
        -0.5977529373721225,
        0.8016803763739009,
        0.0
      ],
      [
        0.0,
        0.0,
        1.0
      ]
    ],
    "keypoint_offset": [
      -0.012140033566413355,
      -0.006079410033329152,
      0.021581060201052993
    ]
  },
  "513": {
    "geom_id": 125,
    "geom_name": "red_cube_g0_vis",
    "body_id": 25,
    "body_name": "red_cube_main",
    "initial_keypoint": [
      -0.1279676689776671,
      0.13873772191603637,
      0.8412957454273755
    ],
    "initial_pos": [
      -0.14688261257313684,
      0.1472726330760565,
      0.8307059734380159
    ],
    "initial_rot": [
      [
        0.8016803763739009,
        0.5977529373721225,
        0.0
      ],
      [
        -0.5977529373721225,
        0.8016803763739009,
        0.0
      ],
      [
        0.0,
        0.0,
        1.0
      ]
    ],
    "keypoint_offset": [
      0.018914943595469746,
      -0.008534911160020142,
      0.01058977198935962
    ]
  },
  "537": {
    "geom_id": 125,
    "geom_name": "red_cube_g0_vis",
    "body_id": 25,
    "body_name": "red_cube_main",
    "initial_keypoint": [
      -0.1459966994510895,
      0.1712650791586723,
      0.8266907825276444
    ],
    "initial_pos": [
      -0.14688261257313684,
      0.1472726330760565,
      0.8307059734380159
    ],
    "initial_rot": [
      [
        0.8016803763739009,
        0.5977529373721225,
        0.0
      ],
      [
        -0.5977529373721225,
        0.8016803763739009,
        0.0
      ],
      [
        0.0,
        0.0,
        1.0
      ]
    ],
    "keypoint_offset": [
      0.0008859131220473326,
      0.023992446082615804,
      -0.004015190910371502
    ]
  }
}