{
  "297": {
    "geom_id": 119,
    "geom_name": "blue_cube_g0_vis",
    "body_id": 22,
    "body_name": "blue_cube_main",
    "initial_keypoint": [
      -0.11544120359376464,
      -0.10877618677263341,
      0.8514431886005598
    ],
    "initial_pos": [
      -0.13818313480195313,
      -0.10135995379587001,
      0.8304403714781181
    ],
    "initial_rot": [
      [
        0.6565537048229918,
        0.7542792802955706,
        0.0
      ],
      [
        -0.7542792802955706,
        0.6565537048229918,
        0.0
      ],
      [
        0.0,
        0.0,
        1.0
      ]
    ],
    "keypoint_offset": [
      0.022741931208188487,
      -0.007416232976763401,
      0.021002817122441675
    ]
  },
  "298": {
    "geom_id": 119,
    "geom_name": "blue_cube_g0_vis",
    "body_id": 22,
    "body_name": "blue_cube_main",
    "initial_keypoint": [
      -0.120550238710189,
      -0.11321161615711912,
      0.8110738869453221
    ],
    "initial_pos": [
      -0.13818313480195313,
      -0.10135995379587001,
      0.8304403714781181
    ],
    "initial_rot": [
      [
        0.6565537048229918,
        0.7542792802955706,
        0.0
      ],
      [
        -0.7542792802955706,
        0.6565537048229918,
        0.0
      ],
      [
        0.0,
        0.0,
        1.0
      ]
    ],
    "keypoint_offset": [
      0.017632896091764133,
      -0.011851662361249113,
      -0.01936648453279599
    ]
  },
  "321": {
    "geom_id": 119,
    "geom_name": "blue_cube_g0_vis",
    "body_id": 22,
    "body_name": "blue_cube_main",
    "initial_keypoint": [
      -0.12776353915983218,
      -0.08321557394835978,
      0.8414611069769387
    ],
    "initial_pos": [
      -0.13818313480195313,
      -0.10135995379587001,
      0.8304403714781181
    ],
    "initial_rot": [
      [
        0.6565537048229918,
        0.7542792802955706,
        0.0
      ],
      [
        -0.7542792802955706,
        0.6565537048229918,
        0.0
      ],
      [
        0.0,
        0.0,
        1.0
      ]
    ],
    "keypoint_offset": [
      0.010419595642120943,
      0.01814437984751023,
      0.011020735498820544
    ]
  },
  "336": {
    "geom_id": 75,
    "geom_name": "gripper0_right_wiping_surface_vis",
    "body_id": 14,
    "body_name": "gripper0_right_wiping_gripper",
    "initial_keypoint": [
      -0.09498144315273804,
      -0.04105189033122102,
      1.1044947651928068
    ],
    "initial_pos": [
      -0.11955355076404188,
      0.008319327613818227,
      1.0994527404361476
    ],
    "initial_rot": [
      [
        -0.011296498108244015,
        0.9931063078070235,
        0.11667154976423635
      ],
      [
        0.9999361598525405,
        0.011189509765967052,
        0.0015719702760390794
      ],
      [
        0.00025563615132213197,
        0.11668185919454477,
        -0.9931693100297952
      ]
    ],
    "keypoint_offset": [
      0.024572107611303837,
      -0.04937121794503925,
      0.005042024756659158
    ]
  },
  "360": {
    "geom_id": 75,
    "geom_name": "gripper0_right_wiping_surface_vis",
    "body_id": 14,
    "body_name": "gripper0_right_wiping_gripper",
    "initial_keypoint": [
      -0.09520216357288258,
      -0.020533559680807504,
      1.1044036900522325
    ],
    "initial_pos": [
      -0.11955355076404188,
      0.008319327613818227,
      1.0994527404361476
    ],
    "initial_rot": [
      [
        -0.011296498108244015,
        0.9931063078070235,
        0.11667154976423635
      ],
      [
        0.9999361598525405,
        0.011189509765967052,
        0.0015719702760390794
      ],
      [
        0.00025563615132213197,
        0.11668185919454477,
        -0.9931693100297952
      ]
    ],
    "keypoint_offset": [
      0.0243513871911593,
      -0.02885288729462573,
      0.004950949616084888
    ]
  },
  "384": {
    "geom_id": 75,
    "geom_name": "gripper0_right_wiping_surface_vis",
    "body_id": 14,
    "body_name": "gripper0_right_wiping_gripper",
    "initial_keypoint": [
      -0.09542300326912545,
      0.0,
      1.104312565695154
    ],
    "initial_pos": [
      -0.11955355076404188,
      0.008319327613818227,
      1.0994527404361476
    ],
    "initial_rot": [
      [
        -0.011296498108244015,
        0.9931063078070235,
        0.11667154976423635
      ],
      [
        0.9999361598525405,
        0.011189509765967052,
        0.0015719702760390794
      ],
      [
        0.00025563615132213197,
        0.11668185919454477,
        -0.9931693100297952
      ]
    ],
    "keypoint_offset": [
      0.02413054749491643,
      -0.008319327613818227,
      0.004859825259006412
    ]
  },
  "408": {
    "geom_id": 75,
    "geom_name": "gripper0_right_wiping_surface_vis",
    "body_id": 14,
    "body_name": "gripper0_right_wiping_gripper",
    "initial_keypoint": [
      -0.0956420538238919,
      0.020548735218254958,
      1.104222179585635
    ],
    "initial_pos": [
      -0.11955355076404188,
      0.008319327613818227,
      1.0994527404361476
    ],
    "initial_rot": [
      [
        -0.011296498108244015,
        0.9931063078070235,
        0.11667154976423635
      ],
      [
        0.9999361598525405,
        0.011189509765967052,
        0.0015719702760390794
      ],
      [
        0.00025563615132213197,
        0.11668185919454477,
        -0.9931693100297952
      ]
    ],
    "keypoint_offset": [
      0.023911496940149976,
      0.012229407604436731,
      0.004769439149487464
    ]
  },
  "432": {
    "geom_id": 75,
    "geom_name": "gripper0_right_wiping_surface_vis",
    "body_id": 14,
    "body_name": "gripper0_right_wiping_gripper",
    "initial_keypoint": [
      -0.09586325134842999,
      0.04111273238564023,
      1.1041309075790449
    ],
    "initial_pos": [
      -0.11955355076404188,
      0.008319327613818227,
      1.0994527404361476
    ],
    "initial_rot": [
      [
        -0.011296498108244015,
        0.9931063078070235,
        0.11667154976423635
      ],
      [
        0.9999361598525405,
        0.011189509765967052,
        0.0015719702760390794
      ],
      [
        0.00025563615132213197,
        0.11668185919454477,
        -0.9931693100297952
      ]
    ],
    "keypoint_offset": [
      0.02369029941561189,
      0.032793404771822,
      0.00467816714289726
    ]
  },
  "456": {
    "geom_id": 75,
    "geom_name": "gripper0_right_wiping_surface_vis",
    "body_id": 14,
    "body_name": "gripper0_right_wiping_gripper",
    "initial_keypoint": [
      -0.0960846277871158,
      0.061692010018945004,
      1.1040395617476986
    ],
    "initial_pos": [
      -0.11955355076404188,
      0.008319327613818227,
      1.0994527404361476
    ],
    "initial_rot": [
      [
        -0.011296498108244015,
        0.9931063078070235,
        0.11667154976423635
      ],
      [
        0.9999361598525405,
        0.011189509765967052,
        0.0015719702760390794
      ],
      [
        0.00025563615132213197,
        0.11668185919454477,
        -0.9931693100297952
      ]
    ],
    "keypoint_offset": [
      0.023468922976926085,
      0.05337268240512678,
      0.00458682131155097
    ]
  },
  "515": {
    "geom_id": 117,
    "geom_name": "light_cube_g0_vis",
    "body_id": 21,
    "body_name": "light_cube_main",
    "initial_keypoint": [
      -0.032535821387862374,
      0.12548458723464473,
      0.8543500347027809
    ],
    "initial_pos": [
      -0.027718072031995764,
      0.13534269209297264,
      0.8317856774975827
    ],
    "initial_rot": [
      [
        0.45688119842514285,
        -0.8895277233035546,
        0.0
      ],
      [
        0.8895277233035546,
        0.45688119842514285,
        0.0
      ],
      [
        0.0,
        0.0,
        1.0
      ]
    ],
    "keypoint_offset": [
      -0.00481774935586661,
      -0.009858104858327915,
      0.022564357205198227
    ]
  },
  "516": {
    "geom_id": 117,
    "geom_name": "light_cube_g0_vis",
    "body_id": 21,
    "body_name": "light_cube_main",
    "initial_keypoint": [
      -0.010693866374481442,
      0.12448039089583782,
      0.8406884698313547
    ],
    "initial_pos": [
      -0.027718072031995764,
      0.13534269209297264,
      0.8317856774975827
    ],
    "initial_rot": [
      [
        0.45688119842514285,
        -0.8895277233035546,
        0.0
      ],
      [
        0.8895277233035546,
        0.45688119842514285,
        0.0
      ],
      [
        0.0,
        0.0,
        1.0
      ]
    ],
    "keypoint_offset": [
      0.01702420565751432,
      -0.010862301197134827,
      0.008902792333772003
    ]
  },
  "539": {
    "geom_id": 117,
    "geom_name": "light_cube_g0_vis",
    "body_id": 21,
    "body_name": "light_cube_main",
    "initial_keypoint": [
      -0.0325379605696714,
      0.1505821095633537,
      0.8543480436904457
    ],
    "initial_pos": [
      -0.027718072031995764,
      0.13534269209297264,
      0.8317856774975827
    ],
    "initial_rot": [
      [
        0.45688119842514285,
        -0.8895277233035546,
        0.0
      ],
      [
        0.8895277233035546,
        0.45688119842514285,
        0.0
      ],
      [
        0.0,
        0.0,
        1.0
      ]
    ],
    "keypoint_offset": [
      -0.0048198885376756345,
      0.015239417470381045,
      0.022562366192863004
    ]
  },
  "540": {
    "geom_id": 117,
    "geom_name": "light_cube_g0_vis",
    "body_id": 21,
    "body_name": "light_cube_main",
    "initial_keypoint": [
      -0.013442101770488657,
      0.15018031992709582,
      0.8379476733053639
    ],
    "initial_pos": [
      -0.027718072031995764,
      0.13534269209297264,
      0.8317856774975827
    ],
    "initial_rot": [
      [
        0.45688119842514285,
        -0.8895277233035546,
        0.0
      ],
      [
        0.8895277233035546,
        0.45688119842514285,
        0.0
      ],
      [
        0.0,
        0.0,
        1.0
      ]
    ],
    "keypoint_offset": [
      0.014275970261507107,
      0.01483762783412318,
      0.0061619958077812065
    ]
  }
}