{
  "304": {
    "geom_id": 119,
    "geom_name": "dark_cube_g0_vis",
    "body_id": 22,
    "body_name": "dark_cube_main",
    "initial_keypoint": [
      0.12200891446467277,
      -0.08547757257064859,
      0.8523120027105326
    ],
    "initial_pos": [
      0.12193933445879954,
      -0.06673416868465105,
      0.830825555533975
    ],
    "initial_rot": [
      [
        -0.5842421219602711,
        -0.8115794125822561,
        0.0
      ],
      [
        0.8115794125822561,
        -0.5842421219602711,
        0.0
      ],
      [
        0.0,
        0.0,
        1.0
      ]
    ],
    "keypoint_offset": [
      6.95800058732321e-05,
      -0.01874340388599753,
      0.021486447176557677
    ]
  },
  "305": {
    "geom_id": 119,
    "geom_name": "dark_cube_g0_vis",
    "body_id": 22,
    "body_name": "dark_cube_main",
    "initial_keypoint": [
      0.1290602510952154,
      -0.08737098421710889,
      0.8258216565960785
    ],
    "initial_pos": [
      0.12193933445879954,
      -0.06673416868465105,
      0.830825555533975
    ],
    "initial_rot": [
      [
        -0.5842421219602711,
        -0.8115794125822561,
        0.0
      ],
      [
        0.8115794125822561,
        -0.5842421219602711,
        0.0
      ],
      [
        0.0,
        0.0,
        1.0
      ]
    ],
    "keypoint_offset": [
      0.007120916636415869,
      -0.02063681553245783,
      -0.005003898937896434
    ]
  },
  "328": {
    "geom_id": 119,
    "geom_name": "dark_cube_g0_vis",
    "body_id": 22,
    "body_name": "dark_cube_main",
    "initial_keypoint": [
      0.12201022459663541,
      -0.06410795722651622,
      0.852313727716697
    ],
    "initial_pos": [
      0.12193933445879954,
      -0.06673416868465105,
      0.830825555533975
    ],
    "initial_rot": [
      [
        -0.5842421219602711,
        -0.8115794125822561,
        0.0
      ],
      [
        0.8115794125822561,
        -0.5842421219602711,
        0.0
      ],
      [
        0.0,
        0.0,
        1.0
      ]
    ],
    "keypoint_offset": [
      7.089013783587172e-05,
      0.002626211458134839,
      0.021488172182722032
    ]
  },
  "329": {
    "geom_id": 119,
    "geom_name": "dark_cube_g0_vis",
    "body_id": 22,
    "body_name": "dark_cube_main",
    "initial_keypoint": [
      0.14354178303389153,
      -0.06297000794716445,
      0.8462856414992298
    ],
    "initial_pos": [
      0.12193933445879954,
      -0.06673416868465105,
      0.830825555533975
    ],
    "initial_rot": [
      [
        -0.5842421219602711,
        -0.8115794125822561,
        0.0
      ],
      [
        0.8115794125822561,
        -0.5842421219602711,
        0.0
      ],
      [
        0.0,
        0.0,
        1.0
      ]
    ],
    "keypoint_offset": [
      0.021602448575091998,
      0.003764160737486602,
      0.015460085965254833
    ]
  },
  "330": {
    "geom_id": 119,
    "geom_name": "dark_cube_g0_vis",
    "body_id": 22,
    "body_name": "dark_cube_main",
    "initial_keypoint": [
      0.14524742392943346,
      -0.06538760932123619,
      0.8115137053821547
    ],
    "initial_pos": [
      0.12193933445879954,
      -0.06673416868465105,
      0.830825555533975
    ],
    "initial_rot": [
      [
        -0.5842421219602711,
        -0.8115794125822561,
        0.0
      ],
      [
        0.8115794125822561,
        -0.5842421219602711,
        0.0
      ],
      [
        0.0,
        0.0,
        1.0
      ]
    ],
    "keypoint_offset": [
      0.023308089470633925,
      0.0013465593634148648,
      -0.019311850151820242
    ]
  },
  "336": {
    "geom_id": 75,
    "geom_name": "gripper0_right_wiping_surface_vis",
    "body_id": 14,
    "body_name": "gripper0_right_wiping_gripper",
    "initial_keypoint": [
      -0.10377149522652618,
      -0.04165837689965378,
      1.1008677549336165
    ],
    "initial_pos": [
      -0.11970956214835458,
      0.0026179302957119854,
      1.0830801305511204
    ],
    "initial_rot": [
      [
        -0.0070358749619065675,
        0.9919414579488701,
        0.1265015433336152
      ],
      [
        0.9999744815791669,
        0.006822726297987898,
        0.0021181587134431606
      ],
      [
        0.0012380040359415978,
        0.12651321831385387,
        -0.9919641490184383
      ]
    ],
    "keypoint_offset": [
      0.015938066921828406,
      -0.044276307195365766,
      0.017787624382496148
    ]
  },
  "337": {
    "geom_id": 75,
    "geom_name": "gripper0_right_wiping_surface_vis",
    "body_id": 14,
    "body_name": "gripper0_right_wiping_gripper",
    "initial_keypoint": [
      -0.09482811526376611,
      -0.0420660836787667,
      1.0835367715543716
    ],
    "initial_pos": [
      -0.11970956214835458,
      0.0026179302957119854,
      1.0830801305511204
    ],
    "initial_rot": [
      [
        -0.0070358749619065675,
        0.9919414579488701,
        0.1265015433336152
      ],
      [
        0.9999744815791669,
        0.006822726297987898,
        0.0021181587134431606
      ],
      [
        0.0012380040359415978,
        0.12651321831385387,
        -0.9919641490184383
      ]
    ],
    "keypoint_offset": [
      0.024881446884588473,
      -0.04468401397447869,
      0.000456641003251157
    ]
  },
  "352": {
    "geom_id": 119,
    "geom_name": "dark_cube_g0_vis",
    "body_id": 22,
    "body_name": "dark_cube_main",
    "initial_keypoint": [
      0.12201022459663541,
      -0.04273863815101082,
      0.852313727716697
    ],
    "initial_pos": [
      0.12193933445879954,
      -0.06673416868465105,
      0.830825555533975
    ],
    "initial_rot": [
      [
        -0.5842421219602711,
        -0.8115794125822561,
        0.0
      ],
      [
        0.8115794125822561,
        -0.5842421219602711,
        0.0
      ],
      [
        0.0,
        0.0,
        1.0
      ]
    ],
    "keypoint_offset": [
      7.089013783587172e-05,
      0.023995530533640237,
      0.021488172182722032
    ]
  },
  "353": {
    "geom_id": 119,
    "geom_name": "dark_cube_g0_vis",
    "body_id": 22,
    "body_name": "dark_cube_main",
    "initial_keypoint": [
      0.12957907086532627,
      -0.04362439081908665,
      0.8265548055466153
    ],
    "initial_pos": [
      0.12193933445879954,
      -0.06673416868465105,
      0.830825555533975
    ],
    "initial_rot": [
      [
        -0.5842421219602711,
        -0.8115794125822561,
        0.0
      ],
      [
        0.8115794125822561,
        -0.5842421219602711,
        0.0
      ],
      [
        0.0,
        0.0,
        1.0
      ]
    ],
    "keypoint_offset": [
      0.007639736406526737,
      0.023109777865564403,
      -0.004270749987359657
    ]
  },
  "361": {
    "geom_id": 75,
    "geom_name": "gripper0_right_wiping_surface_vis",
    "body_id": 14,
    "body_name": "gripper0_right_wiping_gripper",
    "initial_keypoint": [
      -0.09496455957135863,
      -0.0210378664916765,
      1.0834756490388562
    ],
    "initial_pos": [
      -0.11970956214835458,
      0.0026179302957119854,
      1.0830801305511204
    ],
    "initial_rot": [
      [
        -0.0070358749619065675,
        0.9919414579488701,
        0.1265015433336152
      ],
      [
        0.9999744815791669,
        0.006822726297987898,
        0.0021181587134431606
      ],
      [
        0.0012380040359415978,
        0.12651321831385387,
        -0.9919641490184383
      ]
    ],
    "keypoint_offset": [
      0.024745002576995953,
      -0.023655796787388488,
      0.0003955184877357798
    ]
  },
  "385": {
    "geom_id": 75,
    "geom_name": "gripper0_right_wiping_surface_vis",
    "body_id": 14,
    "body_name": "gripper0_right_wiping_gripper",
    "initial_keypoint": [
      -0.0951010620641568,
      0.0,
      1.0834145004583022
    ],
    "initial_pos": [
      -0.11970956214835458,
      0.0026179302957119854,
      1.0830801305511204
    ],
    "initial_rot": [
      [
        -0.0070358749619065675,
        0.9919414579488701,
        0.1265015433336152
      ],
      [
        0.9999744815791669,
        0.006822726297987898,
        0.0021181587134431606
      ],
      [
        0.0012380040359415978,
        0.12651321831385387,
        -0.9919641490184383
      ]
    ],
    "keypoint_offset": [
      0.02460850008419778,
      -0.0026179302957119854,
      0.0003343699071818307
    ]
  },
  "409": {
    "geom_id": 75,
    "geom_name": "gripper0_right_wiping_surface_vis",
    "body_id": 14,
    "body_name": "gripper0_right_wiping_gripper",
    "initial_keypoint": [
      -0.09523768092736673,
      0.02104752402594689,
      1.0833532997476714
    ],
    "initial_pos": [
      -0.11970956214835458,
      0.0026179302957119854,
      1.0830801305511204
    ],
    "initial_rot": [
      [
        -0.0070358749619065675,
        0.9919414579488701,
        0.1265015433336152
      ],
      [
        0.9999744815791669,
        0.006822726297987898,
        0.0021181587134431606
      ],
      [
        0.0012380040359415978,
        0.12651321831385387,
        -0.9919641490184383
      ]
    ],
    "keypoint_offset": [
      0.024471881220987854,
      0.0184295937302349,
      0.0002731691965509597
    ]
  },
  "432": {
    "geom_id": 75,
    "geom_name": "gripper0_right_wiping_surface_vis",
    "body_id": 14,
    "body_name": "gripper0_right_wiping_gripper",
    "initial_keypoint": [
      -0.10315400286495491,
      0.041615771825160575,
      1.1011225487746075
    ],
    "initial_pos": [
      -0.11970956214835458,
      0.0026179302957119854,
      1.0830801305511204
    ],
    "initial_rot": [
      [
        -0.0070358749619065675,
        0.9919414579488701,
        0.1265015433336152
      ],
      [
        0.9999744815791669,
        0.006822726297987898,
        0.0021181587134431606
      ],
      [
        0.0012380040359415978,
        0.12651321831385387,
        -0.9919641490184383
      ]
    ],
    "keypoint_offset": [
      0.016555559283399676,
      0.03899784152944859,
      0.018042418223487067
    ]
  },
  "433": {
    "geom_id": 75,
    "geom_name": "gripper0_right_wiping_surface_vis",
    "body_id": 14,
    "body_name": "gripper0_right_wiping_gripper",
    "initial_keypoint": [
      -0.09537429979057654,
      0.04210470970100619,
      1.0832920990370403
    ],
    "initial_pos": [
      -0.11970956214835458,
      0.0026179302957119854,
      1.0830801305511204
    ],
    "initial_rot": [
      [
        -0.0070358749619065675,
        0.9919414579488701,
        0.1265015433336152
      ],
      [
        0.9999744815791669,
        0.006822726297987898,
        0.0021181587134431606
      ],
      [
        0.0012380040359415978,
        0.12651321831385387,
        -0.9919641490184383
      ]
    ],
    "keypoint_offset": [
      0.02433526235777804,
      0.0394867794052942,
      0.00021196848591986672
    ]
  },
  "469": {
    "geom_id": 117,
    "geom_name": "green_cube_g0_vis",
    "body_id": 21,
    "body_name": "green_cube_main",
    "initial_keypoint": [
      0.03579432782791109,
      0.07030977308365452,
      0.85395131264579
    ],
    "initial_pos": [
      0.04887180115392731,
      0.08303001623260906,
      0.8316123359895452
    ],
    "initial_rot": [
      [
        -0.8498548861557542,
        -0.5270167667894353,
        0.0
      ],
      [
        0.5270167667894353,
        -0.8498548861557542,
        0.0
      ],
      [
        0.0,
        0.0,
        1.0
      ]
    ],
    "keypoint_offset": [
      -0.01307747332601622,
      -0.012720243148954535,
      0.022338976656244847
    ]
  },
  "470": {
    "geom_id": 117,
    "geom_name": "green_cube_g0_vis",
    "body_id": 21,
    "body_name": "green_cube_main",
    "initial_keypoint": [
      0.06312891752394412,
      0.06861587572581837,
      0.8497072573727031
    ],
    "initial_pos": [
      0.04887180115392731,
      0.08303001623260906,
      0.8316123359895452
    ],
    "initial_rot": [
      [
        -0.8498548861557542,
        -0.5270167667894353,
        0.0
      ],
      [
        0.5270167667894353,
        -0.8498548861557542,
        0.0
      ],
      [
        0.0,
        0.0,
        1.0
      ]
    ],
    "keypoint_offset": [
      0.014257116370016809,
      -0.014414140506790685,
      0.018094921383157936
    ]
  },
  "471": {
    "geom_id": 117,
    "geom_name": "green_cube_g0_vis",
    "body_id": 21,
    "body_name": "green_cube_main",
    "initial_keypoint": [
      0.06459724980306114,
      0.0710104915922487,
      0.8154876099696021
    ],
    "initial_pos": [
      0.04887180115392731,
      0.08303001623260906,
      0.8316123359895452
    ],
    "initial_rot": [
      [
        -0.8498548861557542,
        -0.5270167667894353,
        0.0
      ],
      [
        0.5270167667894353,
        -0.8498548861557542,
        0.0
      ],
      [
        0.0,
        0.0,
        1.0
      ]
    ],
    "keypoint_offset": [
      0.015725448649133833,
      -0.012019524640360352,
      -0.01612472601994308
    ]
  },
  "493": {
    "geom_id": 117,
    "geom_name": "green_cube_g0_vis",
    "body_id": 21,
    "body_name": "green_cube_main",
    "initial_keypoint": [
      0.03579432782791109,
      0.09374636411153936,
      0.85395131264579
    ],
    "initial_pos": [
      0.04887180115392731,
      0.08303001623260906,
      0.8316123359895452
    ],
    "initial_rot": [
      [
        -0.8498548861557542,
        -0.5270167667894353,
        0.0
      ],
      [
        0.5270167667894353,
        -0.8498548861557542,
        0.0
      ],
      [
        0.0,
        0.0,
        1.0
      ]
    ],
    "keypoint_offset": [
      -0.01307747332601622,
      0.010716347878930305,
      0.022338976656244847
    ]
  },
  "494": {
    "geom_id": 117,
    "geom_name": "green_cube_g0_vis",
    "body_id": 21,
    "body_name": "green_cube_main",
    "initial_keypoint": [
      0.0668135206333752,
      0.09071621912155042,
      0.8539267634674133
    ],
    "initial_pos": [
      0.04887180115392731,
      0.08303001623260906,
      0.8316123359895452
    ],
    "initial_rot": [
      [
        -0.8498548861557542,
        -0.5270167667894353,
        0.0
      ],
      [
        0.5270167667894353,
        -0.8498548861557542,
        0.0
      ],
      [
        0.0,
        0.0,
        1.0
      ]
    ],
    "keypoint_offset": [
      0.017941719479447893,
      0.007686202888941368,
      0.02231442747786805
    ]
  },
  "495": {
    "geom_id": 117,
    "geom_name": "green_cube_g0_vis",
    "body_id": 21,
    "body_name": "green_cube_main",
    "initial_keypoint": [
      0.07154615685433485,
      0.09316957847295902,
      0.8240182793656852
    ],
    "initial_pos": [
      0.04887180115392731,
      0.08303001623260906,
      0.8316123359895452
    ],
    "initial_rot": [
      [
        -0.8498548861557542,
        -0.5270167667894353,
        0.0
      ],
      [
        0.5270167667894353,
        -0.8498548861557542,
        0.0
      ],
      [
        0.0,
        0.0,
        1.0
      ]
    ],
    "keypoint_offset": [
      0.022674355700407545,
      0.010139562240349967,
      -0.007594056623860035
    ]
  }
}