{
  "304": {
    "geom_id": 121,
    "geom_name": "light_cube_g0_vis",
    "body_id": 23,
    "body_name": "light_cube_main",
    "initial_keypoint": [
      0.12217319045576569,
      -0.08544042377670184,
      0.8525282993168242
    ],
    "initial_pos": [
      0.10681982610343235,
      -0.0658156648981185,
      0.8309334192623204
    ],
    "initial_rot": [
      [
        -0.999460867440814,
        0.03283252129300486,
        0.0
      ],
      [
        -0.03283252129300486,
        -0.999460867440814,
        0.0
      ],
      [
        0.0,
        0.0,
        0.9999999999999999
      ]
    ],
    "keypoint_offset": [
      0.015353364352333337,
      -0.019624758878583337,
      0.021594880054503718
    ]
  },
  "327": {
    "geom_id": 121,
    "geom_name": "light_cube_g0_vis",
    "body_id": 23,
    "body_name": "light_cube_main",
    "initial_keypoint": [
      0.09478478284852465,
      -0.06608716127211173,
      0.8525466557150733
    ],
    "initial_pos": [
      0.10681982610343235,
      -0.0658156648981185,
      0.8309334192623204
    ],
    "initial_rot": [
      [
        -0.999460867440814,
        0.03283252129300486,
        0.0
      ],
      [
        -0.03283252129300486,
        -0.999460867440814,
        0.0
      ],
      [
        0.0,
        0.0,
        0.9999999999999999
      ]
    ],
    "keypoint_offset": [
      -0.012035043254907701,
      -0.00027149637399322135,
      0.021613236452752815
    ]
  },
  "328": {
    "geom_id": 121,
    "geom_name": "light_cube_g0_vis",
    "body_id": 23,
    "body_name": "light_cube_main",
    "initial_keypoint": [
      0.12217319045576569,
      -0.06408031783252638,
      0.8525282993168242
    ],
    "initial_pos": [
      0.10681982610343235,
      -0.0658156648981185,
      0.8309334192623204
    ],
    "initial_rot": [
      [
        -0.999460867440814,
        0.03283252129300486,
        0.0
      ],
      [
        -0.03283252129300486,
        -0.999460867440814,
        0.0
      ],
      [
        0.0,
        0.0,
        0.9999999999999999
      ]
    ],
    "keypoint_offset": [
      0.015353364352333337,
      0.0017353470655921271,
      0.021594880054503718
    ]
  },
  "329": {
    "geom_id": 121,
    "geom_name": "light_cube_g0_vis",
    "body_id": 23,
    "body_name": "light_cube_main",
    "initial_keypoint": [
      0.1268809215551186,
      -0.06591322689903586,
      0.8227420261401027
    ],
    "initial_pos": [
      0.10681982610343235,
      -0.0658156648981185,
      0.8309334192623204
    ],
    "initial_rot": [
      [
        -0.999460867440814,
        0.03283252129300486,
        0.0
      ],
      [
        -0.03283252129300486,
        -0.999460867440814,
        0.0
      ],
      [
        0.0,
        0.0,
        0.9999999999999999
      ]
    ],
    "keypoint_offset": [
      0.020061095451686245,
      -9.756200091735889e-05,
      -0.008191393122217727
    ]
  },
  "336": {
    "geom_id": 75,
    "geom_name": "gripper0_right_wiping_surface_vis",
    "body_id": 14,
    "body_name": "gripper0_right_wiping_gripper",
    "initial_keypoint": [
      -0.08920633301896141,
      -0.040653425487332334,
      1.106877729881449
    ],
    "initial_pos": [
      -0.11203397971817051,
      0.005624064334505224,
      1.09672565181054
    ],
    "initial_rot": [
      [
        0.012261786657290264,
        0.9925287097554965,
        0.12139361144252278
      ],
      [
        0.9999241302031325,
        -0.012313833813977004,
        -0.00032145654152208186
      ],
      [
        0.0011757659109823473,
        0.12138834296541351,
        -0.9926043964070637
      ]
    ],
    "keypoint_offset": [
      0.0228276466992091,
      -0.04627748982183756,
      0.01015207807090901
    ]
  },
  "337": {
    "geom_id": 75,
    "geom_name": "gripper0_right_wiping_surface_vis",
    "body_id": 14,
    "body_name": "gripper0_right_wiping_gripper",
    "initial_keypoint": [
      -0.08681508146231598,
      -0.04149940409223922,
      1.0871263444101058
    ],
    "initial_pos": [
      -0.11203397971817051,
      0.005624064334505224,
      1.09672565181054
    ],
    "initial_rot": [
      [
        0.012261786657290264,
        0.9925287097554965,
        0.12139361144252278
      ],
      [
        0.9999241302031325,
        -0.012313833813977004,
        -0.00032145654152208186
      ],
      [
        0.0011757659109823473,
        0.12138834296541351,
        -0.9926043964070637
      ]
    ],
    "keypoint_offset": [
      0.025218898255854535,
      -0.04712346842674445,
      -0.009599307400434132
    ]
  },
  "352": {
    "geom_id": 121,
    "geom_name": "light_cube_g0_vis",
    "body_id": 23,
    "body_name": "light_cube_main",
    "initial_keypoint": [
      0.10119390176783766,
      -0.04509230310944846,
      0.8249055839375308
    ],
    "initial_pos": [
      0.10681982610343235,
      -0.0658156648981185,
      0.8309334192623204
    ],
    "initial_rot": [
      [
        -0.999460867440814,
        0.03283252129300486,
        0.0
      ],
      [
        -0.03283252129300486,
        -0.999460867440814,
        0.0
      ],
      [
        0.0,
        0.0,
        0.9999999999999999
      ]
    ],
    "keypoint_offset": [
      -0.005625924335594695,
      0.02072336178867005,
      -0.0060278353247896765
    ]
  },
  "353": {
    "geom_id": 121,
    "geom_name": "light_cube_g0_vis",
    "body_id": 23,
    "body_name": "light_cube_main",
    "initial_keypoint": [
      0.12337804081887588,
      -0.044354684754851006,
      0.8177920734135846
    ],
    "initial_pos": [
      0.10681982610343235,
      -0.0658156648981185,
      0.8309334192623204
    ],
    "initial_rot": [
      [
        -0.999460867440814,
        0.03283252129300486,
        0.0
      ],
      [
        -0.03283252129300486,
        -0.999460867440814,
        0.0
      ],
      [
        0.0,
        0.0,
        0.9999999999999999
      ]
    ],
    "keypoint_offset": [
      0.016558214715443526,
      0.0214609801432675,
      -0.01314134584873583
    ]
  },
  "360": {
    "geom_id": 75,
    "geom_name": "gripper0_right_wiping_surface_vis",
    "body_id": 14,
    "body_name": "gripper0_right_wiping_gripper",
    "initial_keypoint": [
      -0.08896664769916662,
      -0.020318443968584645,
      1.1069766304461526
    ],
    "initial_pos": [
      -0.11203397971817051,
      0.005624064334505224,
      1.09672565181054
    ],
    "initial_rot": [
      [
        0.012261786657290264,
        0.9925287097554965,
        0.12139361144252278
      ],
      [
        0.9999241302031325,
        -0.012313833813977004,
        -0.00032145654152208186
      ],
      [
        0.0011757659109823473,
        0.12138834296541351,
        -0.9926043964070637
      ]
    ],
    "keypoint_offset": [
      0.02306733201900389,
      -0.02594250830308987,
      0.01025097863561264
    ]
  },
  "361": {
    "geom_id": 75,
    "geom_name": "gripper0_right_wiping_surface_vis",
    "body_id": 14,
    "body_name": "gripper0_right_wiping_gripper",
    "initial_keypoint": [
      -0.08656948170864953,
      -0.020741017671991942,
      1.087236364938033
    ],
    "initial_pos": [
      -0.11203397971817051,
      0.005624064334505224,
      1.09672565181054
    ],
    "initial_rot": [
      [
        0.012261786657290264,
        0.9925287097554965,
        0.12139361144252278
      ],
      [
        0.9999241302031325,
        -0.012313833813977004,
        -0.00032145654152208186
      ],
      [
        0.0011757659109823473,
        0.12138834296541351,
        -0.9926043964070637
      ]
    ],
    "keypoint_offset": [
      0.025464498009520983,
      -0.026365082006497165,
      -0.009489286872506941
    ]
  },
  "384": {
    "geom_id": 75,
    "geom_name": "gripper0_right_wiping_surface_vis",
    "body_id": 14,
    "body_name": "gripper0_right_wiping_gripper",
    "initial_keypoint": [
      -0.08872720093156872,
      0.0,
      1.1070754325778485
    ],
    "initial_pos": [
      -0.11203397971817051,
      0.005624064334505224,
      1.09672565181054
    ],
    "initial_rot": [
      [
        0.012261786657290264,
        0.9925287097554965,
        0.12139361144252278
      ],
      [
        0.9999241302031325,
        -0.012313833813977004,
        -0.00032145654152208186
      ],
      [
        0.0011757659109823473,
        0.12138834296541351,
        -0.9926043964070637
      ]
    ],
    "keypoint_offset": [
      0.023306778786601798,
      -0.005624064334505224,
      0.010349780767308525
    ]
  },
  "385": {
    "geom_id": 75,
    "geom_name": "gripper0_right_wiping_surface_vis",
    "body_id": 14,
    "body_name": "gripper0_right_wiping_gripper",
    "initial_keypoint": [
      -0.0863260348075976,
      0.0,
      1.0873454210595324
    ],
    "initial_pos": [
      -0.11203397971817051,
      0.005624064334505224,
      1.09672565181054
    ],
    "initial_rot": [
      [
        0.012261786657290264,
        0.9925287097554965,
        0.12139361144252278
      ],
      [
        0.9999241302031325,
        -0.012313833813977004,
        -0.00032145654152208186
      ],
      [
        0.0011757659109823473,
        0.12138834296541351,
        -0.9926043964070637
      ]
    ],
    "keypoint_offset": [
      0.02570794491057292,
      -0.005624064334505224,
      -0.009380230751007579
    ]
  },
  "400": {
    "geom_id": 125,
    "geom_name": "red_cube_g0_vis",
    "body_id": 25,
    "body_name": "red_cube_main",
    "initial_keypoint": [
      0.12334117310045678,
      0.0,
      0.854066142312465
    ],
    "initial_pos": [
      0.12895125718654823,
      0.008267583019526847,
      0.8317034751984639
    ],
    "initial_rot": [
      [
        -0.18938517557936746,
        0.9819028746626481,
        0.0
      ],
      [
        -0.9819028746626481,
        -0.18938517557936746,
        0.0
      ],
      [
        0.0,
        0.0,
        1.0
      ]
    ],
    "keypoint_offset": [
      -0.005610084086091455,
      -0.008267583019526847,
      0.022362667114001145
    ]
  },
  "401": {
    "geom_id": 125,
    "geom_name": "red_cube_g0_vis",
    "body_id": 25,
    "body_name": "red_cube_main",
    "initial_keypoint": [
      0.14841457996290874,
      0.0,
      0.853171435296032
    ],
    "initial_pos": [
      0.12895125718654823,
      0.008267583019526847,
      0.8317034751984639
    ],
    "initial_rot": [
      [
        -0.18938517557936746,
        0.9819028746626481,
        0.0
      ],
      [
        -0.9819028746626481,
        -0.18938517557936746,
        0.0
      ],
      [
        0.0,
        0.0,
        1.0
      ]
    ],
    "keypoint_offset": [
      0.01946332277636051,
      -0.008267583019526847,
      0.02146796009756813
    ]
  },
  "402": {
    "geom_id": 125,
    "geom_name": "red_cube_g0_vis",
    "body_id": 25,
    "body_name": "red_cube_main",
    "initial_keypoint": [
      0.14838809027545674,
      0.0,
      0.8162809879824214
    ],
    "initial_pos": [
      0.12895125718654823,
      0.008267583019526847,
      0.8317034751984639
    ],
    "initial_rot": [
      [
        -0.18938517557936746,
        0.9819028746626481,
        0.0
      ],
      [
        -0.9819028746626481,
        -0.18938517557936746,
        0.0
      ],
      [
        0.0,
        0.0,
        1.0
      ]
    ],
    "keypoint_offset": [
      0.019436833088908506,
      -0.008267583019526847,
      -0.015422487216042446
    ]
  },
  "408": {
    "geom_id": 75,
    "geom_name": "gripper0_right_wiping_surface_vis",
    "body_id": 14,
    "body_name": "gripper0_right_wiping_gripper",
    "initial_keypoint": [
      -0.08848793307811842,
      0.020301929050052826,
      1.1071741608847883
    ],
    "initial_pos": [
      -0.11203397971817051,
      0.005624064334505224,
      1.09672565181054
    ],
    "initial_rot": [
      [
        0.012261786657290264,
        0.9925287097554965,
        0.12139361144252278
      ],
      [
        0.9999241302031325,
        -0.012313833813977004,
        -0.00032145654152208186
      ],
      [
        0.0011757659109823473,
        0.12138834296541351,
        -0.9926043964070637
      ]
    ],
    "keypoint_offset": [
      0.023546046640052096,
      0.014677864715547603,
      0.010448509074248324
    ]
  },
  "409": {
    "geom_id": 75,
    "geom_name": "gripper0_right_wiping_surface_vis",
    "body_id": 14,
    "body_name": "gripper0_right_wiping_gripper",
    "initial_keypoint": [
      -0.08608276246216318,
      0.020723807345155183,
      1.0874543989859158
    ],
    "initial_pos": [
      -0.11203397971817051,
      0.005624064334505224,
      1.09672565181054
    ],
    "initial_rot": [
      [
        0.012261786657290264,
        0.9925287097554965,
        0.12139361144252278
      ],
      [
        0.9999241302031325,
        -0.012313833813977004,
        -0.00032145654152208186
      ],
      [
        0.0011757659109823473,
        0.12138834296541351,
        -0.9926043964070637
      ]
    ],
    "keypoint_offset": [
      0.02595121725600734,
      0.015099743010649959,
      -0.009271252824624154
    ]
  },
  "424": {
    "geom_id": 125,
    "geom_name": "red_cube_g0_vis",
    "body_id": 25,
    "body_name": "red_cube_main",
    "initial_keypoint": [
      0.12333989936104861,
      0.02129414708367819,
      0.8540644652231384
    ],
    "initial_pos": [
      0.12895125718654823,
      0.008267583019526847,
      0.8317034751984639
    ],
    "initial_rot": [
      [
        -0.18938517557936746,
        0.9819028746626481,
        0.0
      ],
      [
        -0.9819028746626481,
        -0.18938517557936746,
        0.0
      ],
      [
        0.0,
        0.0,
        1.0
      ]
    ],
    "keypoint_offset": [
      -0.005611357825499624,
      0.013026564064151341,
      0.02236099002467451
    ]
  },
  "425": {
    "geom_id": 125,
    "geom_name": "red_cube_g0_vis",
    "body_id": 25,
    "body_name": "red_cube_main",
    "initial_keypoint": [
      0.14903542368942907,
      0.020666510227154357,
      0.854048755230175
    ],
    "initial_pos": [
      0.12895125718654823,
      0.008267583019526847,
      0.8317034751984639
    ],
    "initial_rot": [
      [
        -0.18938517557936746,
        0.9819028746626481,
        0.0
      ],
      [
        -0.9819028746626481,
        -0.18938517557936746,
        0.0
      ],
      [
        0.0,
        0.0,
        1.0
      ]
    ],
    "keypoint_offset": [
      0.020084166502880835,
      0.01239892720762751,
      0.0223452800317111
    ]
  },
  "426": {
    "geom_id": 125,
    "geom_name": "red_cube_g0_vis",
    "body_id": 25,
    "body_name": "red_cube_main",
    "initial_keypoint": [
      0.1525139067817739,
      0.02134941969939481,
      0.8225436504481
    ],
    "initial_pos": [
      0.12895125718654823,
      0.008267583019526847,
      0.8317034751984639
    ],
    "initial_rot": [
      [
        -0.18938517557936746,
        0.9819028746626481,
        0.0
      ],
      [
        -0.9819028746626481,
        -0.18938517557936746,
        0.0
      ],
      [
        0.0,
        0.0,
        1.0
      ]
    ],
    "keypoint_offset": [
      0.023562649595225665,
      0.013081836679867963,
      -0.00915982475036392
    ]
  },
  "432": {
    "geom_id": 75,
    "geom_name": "gripper0_right_wiping_surface_vis",
    "body_id": 14,
    "body_name": "gripper0_right_wiping_gripper",
    "initial_keypoint": [
      -0.08824693572124087,
      0.0405872300234177,
      1.1072736028310355
    ],
    "initial_pos": [
      -0.11203397971817051,
      0.005624064334505224,
      1.09672565181054
    ],
    "initial_rot": [
      [
        0.012261786657290264,
        0.9925287097554965,
        0.12139361144252278
      ],
      [
        0.9999241302031325,
        -0.012313833813977004,
        -0.00032145654152208186
      ],
      [
        0.0011757659109823473,
        0.12138834296541351,
        -0.9926043964070637
      ]
    ],
    "keypoint_offset": [
      0.023787043996929644,
      0.03496316568891247,
      0.01054795102049555
    ]
  },
  "433": {
    "geom_id": 75,
    "geom_name": "gripper0_right_wiping_surface_vis",
    "body_id": 14,
    "body_name": "gripper0_right_wiping_gripper",
    "initial_keypoint": [
      -0.08583774456055471,
      0.04143028709047544,
      1.0875641588634573
    ],
    "initial_pos": [
      -0.11203397971817051,
      0.005624064334505224,
      1.09672565181054
    ],
    "initial_rot": [
      [
        0.012261786657290264,
        0.9925287097554965,
        0.12139361144252278
      ],
      [
        0.9999241302031325,
        -0.012313833813977004,
        -0.00032145654152208186
      ],
      [
        0.0011757659109823473,
        0.12138834296541351,
        -0.9926043964070637
      ]
    ],
    "keypoint_offset": [
      0.026196235157615808,
      0.035806222755970216,
      -0.009161492947082683
    ]
  },
  "441": {
    "geom_id": 123,
    "geom_name": "green_cube_g0_vis",
    "body_id": 24,
    "body_name": "green_cube_main",
    "initial_keypoint": [
      -0.13719895573968177,
      0.05631088089010818,
      0.8338176616294279
    ],
    "initial_pos": [
      -0.14716150607011627,
      0.07572021689811148,
      0.8308236975565166
    ],
    "initial_rot": [
      [
        -0.644376261746884,
        0.7647085937120829,
        0.0
      ],
      [
        -0.7647085937120829,
        -0.644376261746884,
        0.0
      ],
      [
        0.0,
        0.0,
        1.0
      ]
    ],
    "keypoint_offset": [
      0.0099625503304345,
      -0.0194093360080033,
      0.0029939640729113037
    ]
  },
  "456": {
    "geom_id": 75,
    "geom_name": "gripper0_right_wiping_surface_vis",
    "body_id": 14,
    "body_name": "gripper0_right_wiping_gripper",
    "initial_keypoint": [
      -0.0880080256960859,
      0.06085611894930179,
      1.1073721834884636
    ],
    "initial_pos": [
      -0.11203397971817051,
      0.005624064334505224,
      1.09672565181054
    ],
    "initial_rot": [
      [
        0.012261786657290264,
        0.9925287097554965,
        0.12139361144252278
      ],
      [
        0.9999241302031325,
        -0.012313833813977004,
        -0.00032145654152208186
      ],
      [
        0.0011757659109823473,
        0.12138834296541351,
        -0.9926043964070637
      ]
    ],
    "keypoint_offset": [
      0.024025954022084614,
      0.055232054614796564,
      0.01064653167792362
    ]
  },
  "457": {
    "geom_id": 75,
    "geom_name": "gripper0_right_wiping_surface_vis",
    "body_id": 14,
    "body_name": "gripper0_right_wiping_gripper",
    "initial_keypoint": [
      -0.08559487951156064,
      0.062119667609694035,
      1.0876729543345705
    ],
    "initial_pos": [
      -0.11203397971817051,
      0.005624064334505224,
      1.09672565181054
    ],
    "initial_rot": [
      [
        0.012261786657290264,
        0.9925287097554965,
        0.12139361144252278
      ],
      [
        0.9999241302031325,
        -0.012313833813977004,
        -0.00032145654152208186
      ],
      [
        0.0011757659109823473,
        0.12138834296541351,
        -0.9926043964070637
      ]
    ],
    "keypoint_offset": [
      0.026439100206609875,
      0.05649560327518881,
      -0.009052697475969484
    ]
  },
  "464": {
    "geom_id": 123,
    "geom_name": "green_cube_g0_vis",
    "body_id": 24,
    "body_name": "green_cube_main",
    "initial_keypoint": [
      -0.1587108347692303,
      0.08467585114931438,
      0.8525225226059141
    ],
    "initial_pos": [
      -0.14716150607011627,
      0.07572021689811148,
      0.8308236975565166
    ],
    "initial_rot": [
      [
        -0.644376261746884,
        0.7647085937120829,
        0.0
      ],
      [
        -0.7647085937120829,
        -0.644376261746884,
        0.0
      ],
      [
        0.0,
        0.0,
        1.0
      ]
    ],
    "keypoint_offset": [
      -0.011549328699114042,
      0.008955634251202896,
      0.021698825049397463
    ]
  },
  "465": {
    "geom_id": 123,
    "geom_name": "green_cube_g0_vis",
    "body_id": 24,
    "body_name": "green_cube_main",
    "initial_keypoint": [
      -0.12345436988032799,
      0.082644355691061,
      0.8449518802355783
    ],
    "initial_pos": [
      -0.14716150607011627,
      0.07572021689811148,
      0.8308236975565166
    ],
    "initial_rot": [
      [
        -0.644376261746884,
        0.7647085937120829,
        0.0
      ],
      [
        -0.7647085937120829,
        -0.644376261746884,
        0.0
      ],
      [
        0.0,
        0.0,
        1.0
      ]
    ],
    "keypoint_offset": [
      0.023707136189788286,
      0.006924138792949522,
      0.014128182679061685
    ]
  },
  "494": {
    "geom_id": 119,
    "geom_name": "blue_cube_g0_vis",
    "body_id": 22,
    "body_name": "blue_cube_main",
    "initial_keypoint": [
      0.06510719099374751,
      0.09107355200439662,
      0.8519727217157889
    ],
    "initial_pos": [
      0.06692407941344747,
      0.1127690414457442,
      0.8306331372434529
    ],
    "initial_rot": [
      [
        -0.9995319295122025,
        0.03059284043061808,
        0.0
      ],
      [
        -0.03059284043061808,
        -0.9995319295122025,
        0.0
      ],
      [
        0.0,
        0.0,
        1.0
      ]
    ],
    "keypoint_offset": [
      -0.001816888419699958,
      -0.021695489441347582,
      0.02133958447233597
    ]
  },
  "495": {
    "geom_id": 119,
    "geom_name": "blue_cube_g0_vis",
    "body_id": 22,
    "body_name": "blue_cube_main",
    "initial_keypoint": [
      0.07945834281928066,
      0.09144903134064392,
      0.8337314964470546
    ],
    "initial_pos": [
      0.06692407941344747,
      0.1127690414457442,
      0.8306331372434529
    ],
    "initial_rot": [
      [
        -0.9995319295122025,
        0.03059284043061808,
        0.0
      ],
      [
        -0.03059284043061808,
        -0.9995319295122025,
        0.0
      ],
      [
        0.0,
        0.0,
        1.0
      ]
    ],
    "keypoint_offset": [
      0.01253426340583319,
      -0.02132001010510029,
      0.003098359203601686
    ]
  },
  "512": {
    "geom_id": 117,
    "geom_name": "dark_cube_g0_vis",
    "body_id": 21,
    "body_name": "dark_cube_main",
    "initial_keypoint": [
      -0.1588470061653232,
      0.1411555928122618,
      0.8524196820284622
    ],
    "initial_pos": [
      -0.1485498238182526,
      0.1497218729772862,
      0.8307713200522628
    ],
    "initial_rot": [
      [
        0.9976519656413636,
        -0.06848762991901267,
        0.0
      ],
      [
        0.06848762991901267,
        0.9976519656413636,
        0.0
      ],
      [
        0.0,
        0.0,
        1.0
      ]
    ],
    "keypoint_offset": [
      -0.01029718234707061,
      -0.008566280165024392,
      0.02164836197619935
    ]
  },
  "513": {
    "geom_id": 117,
    "geom_name": "dark_cube_g0_vis",
    "body_id": 21,
    "body_name": "dark_cube_main",
    "initial_keypoint": [
      -0.12789675435345116,
      0.138722054654965,
      0.8413531919693428
    ],
    "initial_pos": [
      -0.1485498238182526,
      0.1497218729772862,
      0.8307713200522628
    ],
    "initial_rot": [
      [
        0.9976519656413636,
        -0.06848762991901267,
        0.0
      ],
      [
        0.06848762991901267,
        0.9976519656413636,
        0.0
      ],
      [
        0.0,
        0.0,
        1.0
      ]
    ],
    "keypoint_offset": [
      0.020653069464801443,
      -0.010999818322321192,
      0.010581871917079932
    ]
  },
  "518": {
    "geom_id": 119,
    "geom_name": "blue_cube_g0_vis",
    "body_id": 22,
    "body_name": "blue_cube_main",
    "initial_keypoint": [
      0.0651055797658519,
      0.11384236177680498,
      0.8519708765819376
    ],
    "initial_pos": [
      0.06692407941344747,
      0.1127690414457442,
      0.8306331372434529
    ],
    "initial_rot": [
      [
        -0.9995319295122025,
        0.03059284043061808,
        0.0
      ],
      [
        -0.03059284043061808,
        -0.9995319295122025,
        0.0
      ],
      [
        0.0,
        0.0,
        1.0
      ]
    ],
    "keypoint_offset": [
      -0.0018184996475955617,
      0.0010733203310607786,
      0.021337739338484707
    ]
  },
  "519": {
    "geom_id": 119,
    "geom_name": "blue_cube_g0_vis",
    "body_id": 22,
    "body_name": "blue_cube_main",
    "initial_keypoint": [
      0.08761243656783513,
      0.11209485008459477,
      0.84374168617622
    ],
    "initial_pos": [
      0.06692407941344747,
      0.1127690414457442,
      0.8306331372434529
    ],
    "initial_rot": [
      [
        -0.9995319295122025,
        0.03059284043061808,
        0.0
      ],
      [
        -0.03059284043061808,
        -0.9995319295122025,
        0.0
      ],
      [
        0.0,
        0.0,
        1.0
      ]
    ],
    "keypoint_offset": [
      0.02068835715438766,
      -0.0006741913611494343,
      0.013108548932767139
    ]
  },
  "537": {
    "geom_id": 117,
    "geom_name": "dark_cube_g0_vis",
    "body_id": 21,
    "body_name": "dark_cube_main",
    "initial_keypoint": [
      -0.1298420873049393,
      0.16698220754285914,
      0.8397773160160579
    ],
    "initial_pos": [
      -0.1485498238182526,
      0.1497218729772862,
      0.8307713200522628
    ],
    "initial_rot": [
      [
        0.9976519656413636,
        -0.06848762991901267,
        0.0
      ],
      [
        0.06848762991901267,
        0.9976519656413636,
        0.0
      ],
      [
        0.0,
        0.0,
        1.0
      ]
    ],
    "keypoint_offset": [
      0.01870773651331331,
      0.017260334565572938,
      0.009005995963795033
    ]
  }
}