{
  "254": {
    "geom_id": 117,
    "geom_name": "blue_cube_g0_vis",
    "body_id": 21,
    "body_name": "blue_cube_main",
    "initial_keypoint": [
      0.06702290166331387,
      -0.13600855704714124,
      0.8541665408615324
    ],
    "initial_pos": [
      0.06152745872435747,
      -0.12465019670194609,
      0.831731680415799
    ],
    "initial_rot": [
      [
        -0.10456883445021892,
        0.9945176513575427,
        0.0
      ],
      [
        -0.9945176513575427,
        -0.10456883445021892,
        0.0
      ],
      [
        0.0,
        0.0,
        1.0
      ]
    ],
    "keypoint_offset": [
      0.005495442938956402,
      -0.011358360345195148,
      0.022434860445733396
    ]
  },
  "255": {
    "geom_id": 117,
    "geom_name": "blue_cube_g0_vis",
    "body_id": 21,
    "body_name": "blue_cube_main",
    "initial_keypoint": [
      0.08145181131017615,
      -0.1365233114419525,
      0.8361787331882944
    ],
    "initial_pos": [
      0.06152745872435747,
      -0.12465019670194609,
      0.831731680415799
    ],
    "initial_rot": [
      [
        -0.10456883445021892,
        0.9945176513575427,
        0.0
      ],
      [
        -0.9945176513575427,
        -0.10456883445021892,
        0.0
      ],
      [
        0.0,
        0.0,
        1.0
      ]
    ],
    "keypoint_offset": [
      0.019924352585818678,
      -0.011873114740006421,
      0.004447052772495352
    ]
  },
  "273": {
    "geom_id": 119,
    "geom_name": "light_cube_g0_vis",
    "body_id": 22,
    "body_name": "light_cube_main",
    "initial_keypoint": [
      -0.11532139838817856,
      -0.1359437647443626,
      0.8515402404406662
    ],
    "initial_pos": [
      -0.12318659838713793,
      -0.12394826407412332,
      0.8303501047393421
    ],
    "initial_rot": [
      [
        -0.17699080152074587,
        -0.9842125055987877,
        0.0
      ],
      [
        0.9842125055987877,
        -0.17699080152074587,
        0.0
      ],
      [
        0.0,
        0.0,
        0.9999999999999999
      ]
    ],
    "keypoint_offset": [
      0.007865199998959363,
      -0.011995500670239273,
      0.02119013570132411
    ]
  },
  "274": {
    "geom_id": 119,
    "geom_name": "light_cube_g0_vis",
    "body_id": 22,
    "body_name": "light_cube_main",
    "initial_keypoint": [
      -0.09955247977757009,
      -0.1367260476518948,
      0.8293097039646438
    ],
    "initial_pos": [
      -0.12318659838713793,
      -0.12394826407412332,
      0.8303501047393421
    ],
    "initial_rot": [
      [
        -0.17699080152074587,
        -0.9842125055987877,
        0.0
      ],
      [
        0.9842125055987877,
        -0.17699080152074587,
        0.0
      ],
      [
        0.0,
        0.0,
        0.9999999999999999
      ]
    ],
    "keypoint_offset": [
      0.023634118609567836,
      -0.012777783577771484,
      -0.001040400774698358
    ]
  },
  "278": {
    "geom_id": 117,
    "geom_name": "blue_cube_g0_vis",
    "body_id": 21,
    "body_name": "blue_cube_main",
    "initial_keypoint": [
      0.06702290166331387,
      -0.11334046420595104,
      0.8541665408615324
    ],
    "initial_pos": [
      0.06152745872435747,
      -0.12465019670194609,
      0.831731680415799
    ],
    "initial_rot": [
      [
        -0.10456883445021892,
        0.9945176513575427,
        0.0
      ],
      [
        -0.9945176513575427,
        -0.10456883445021892,
        0.0
      ],
      [
        0.0,
        0.0,
        1.0
      ]
    ],
    "keypoint_offset": [
      0.005495442938956402,
      0.011309732495995053,
      0.022434860445733396
    ]
  },
  "279": {
    "geom_id": 117,
    "geom_name": "blue_cube_g0_vis",
    "body_id": 21,
    "body_name": "blue_cube_main",
    "initial_keypoint": [
      0.0839187257292544,
      -0.11309887154261493,
      0.839207185171075
    ],
    "initial_pos": [
      0.06152745872435747,
      -0.12465019670194609,
      0.831731680415799
    ],
    "initial_rot": [
      [
        -0.10456883445021892,
        0.9945176513575427,
        0.0
      ],
      [
        -0.9945176513575427,
        -0.10456883445021892,
        0.0
      ],
      [
        0.0,
        0.0,
        1.0
      ]
    ],
    "keypoint_offset": [
      0.022391267004896936,
      0.01155132515933116,
      0.007475504755275919
    ]
  },
  "297": {
    "geom_id": 119,
    "geom_name": "light_cube_g0_vis",
    "body_id": 22,
    "body_name": "light_cube_main",
    "initial_keypoint": [
      -0.11531865120313012,
      -0.10875452624412923,
      0.8515424658812283
    ],
    "initial_pos": [
      -0.12318659838713793,
      -0.12394826407412332,
      0.8303501047393421
    ],
    "initial_rot": [
      [
        -0.17699080152074587,
        -0.9842125055987877,
        0.0
      ],
      [
        0.9842125055987877,
        -0.17699080152074587,
        0.0
      ],
      [
        0.0,
        0.0,
        0.9999999999999999
      ]
    ],
    "keypoint_offset": [
      0.007867947184007809,
      0.015193737829994086,
      0.021192361141886162
    ]
  },
  "298": {
    "geom_id": 119,
    "geom_name": "light_cube_g0_vis",
    "body_id": 22,
    "body_name": "light_cube_main",
    "initial_keypoint": [
      -0.10432106229191773,
      -0.11025080625552215,
      0.825168357335595
    ],
    "initial_pos": [
      -0.12318659838713793,
      -0.12394826407412332,
      0.8303501047393421
    ],
    "initial_rot": [
      [
        -0.17699080152074587,
        -0.9842125055987877,
        0.0
      ],
      [
        0.9842125055987877,
        -0.17699080152074587,
        0.0
      ],
      [
        0.0,
        0.0,
        0.9999999999999999
      ]
    ],
    "keypoint_offset": [
      0.018865536095220195,
      0.01369745781860117,
      -0.005181747403747106
    ]
  },
  "336": {
    "geom_id": 75,
    "geom_name": "gripper0_right_wiping_surface_vis",
    "body_id": 14,
    "body_name": "gripper0_right_wiping_gripper",
    "initial_keypoint": [
      -0.0890134039297511,
      -0.040640113973329485,
      1.106957337576601
    ],
    "initial_pos": [
      -0.1065921659075316,
      0.013548838850384307,
      1.0894652131700753
    ],
    "initial_rot": [
      [
        -0.01741059568572821,
        0.9909417754048689,
        0.13315881088125808
      ],
      [
        0.99978770606843,
        0.015786759040137613,
        0.013240884918749793
      ],
      [
        0.011018799947863839,
        0.13336107376761475,
        -0.991006261358249
      ]
    ],
    "keypoint_offset": [
      0.017578761977780494,
      -0.05418895282371379,
      0.01749212440652581
    ]
  },
  "337": {
    "geom_id": 75,
    "geom_name": "gripper0_right_wiping_surface_vis",
    "body_id": 14,
    "body_name": "gripper0_right_wiping_gripper",
    "initial_keypoint": [
      -0.08107912568970599,
      -0.04109375884898887,
      1.0896958619802584
    ],
    "initial_pos": [
      -0.1065921659075316,
      0.013548838850384307,
      1.0894652131700753
    ],
    "initial_rot": [
      [
        -0.01741059568572821,
        0.9909417754048689,
        0.13315881088125808
      ],
      [
        0.99978770606843,
        0.015786759040137613,
        0.013240884918749793
      ],
      [
        0.011018799947863839,
        0.13336107376761475,
        -0.991006261358249
      ]
    ],
    "keypoint_offset": [
      0.025513040217825605,
      -0.05464259769937318,
      0.00023064881018308725
    ]
  },
  "344": {
    "geom_id": 123,
    "geom_name": "green_cube_g0_vis",
    "body_id": 24,
    "body_name": "green_cube_main",
    "initial_keypoint": [
      -0.1565152870760912,
      -0.05626241216570646,
      0.8541806637358742
    ],
    "initial_pos": [
      -0.149933702044513,
      -0.05108308210087721,
      0.8316552356336123
    ],
    "initial_rot": [
      [
        -0.9740847242166181,
        -0.22618344335480225,
        0.0
      ],
      [
        0.22618344335480225,
        -0.9740847242166181,
        0.0
      ],
      [
        0.0,
        0.0,
        0.9999999999999999
      ]
    ],
    "keypoint_offset": [
      -0.006581585031578185,
      -0.005179330064829249,
      0.02252542810226188
    ]
  },
  "345": {
    "geom_id": 123,
    "geom_name": "green_cube_g0_vis",
    "body_id": 24,
    "body_name": "green_cube_main",
    "initial_keypoint": [
      -0.1307105702799064,
      -0.05573748588136968,
      0.8390737750437831
    ],
    "initial_pos": [
      -0.149933702044513,
      -0.05108308210087721,
      0.8316552356336123
    ],
    "initial_rot": [
      [
        -0.9740847242166181,
        -0.22618344335480225,
        0.0
      ],
      [
        0.22618344335480225,
        -0.9740847242166181,
        0.0
      ],
      [
        0.0,
        0.0,
        0.9999999999999999
      ]
    ],
    "keypoint_offset": [
      0.019223131764606605,
      -0.004654403780492471,
      0.007418539410170788
    ]
  },
  "360": {
    "geom_id": 75,
    "geom_name": "gripper0_right_wiping_surface_vis",
    "body_id": 14,
    "body_name": "gripper0_right_wiping_gripper",
    "initial_keypoint": [
      -0.08803718870215205,
      -0.020286379061979637,
      1.107360150053246
    ],
    "initial_pos": [
      -0.1065921659075316,
      0.013548838850384307,
      1.0894652131700753
    ],
    "initial_rot": [
      [
        -0.01741059568572821,
        0.9909417754048689,
        0.13315881088125808
      ],
      [
        0.99978770606843,
        0.015786759040137613,
        0.013240884918749793
      ],
      [
        0.011018799947863839,
        0.13336107376761475,
        -0.991006261358249
      ]
    ],
    "keypoint_offset": [
      0.018554977205379547,
      -0.03383521791236394,
      0.017894936883170676
    ]
  },
  "361": {
    "geom_id": 75,
    "geom_name": "gripper0_right_wiping_surface_vis",
    "body_id": 14,
    "body_name": "gripper0_right_wiping_gripper",
    "initial_keypoint": [
      -0.08138826368810193,
      -0.020557810502376532,
      1.0895573784301806
    ],
    "initial_pos": [
      -0.1065921659075316,
      0.013548838850384307,
      1.0894652131700753
    ],
    "initial_rot": [
      [
        -0.01741059568572821,
        0.9909417754048689,
        0.13315881088125808
      ],
      [
        0.99978770606843,
        0.015786759040137613,
        0.013240884918749793
      ],
      [
        0.011018799947863839,
        0.13336107376761475,
        -0.991006261358249
      ]
    ],
    "keypoint_offset": [
      0.02520390221942967,
      -0.03410664935276084,
      9.216526010535908e-05
    ]
  },
  "368": {
    "geom_id": 123,
    "geom_name": "green_cube_g0_vis",
    "body_id": 24,
    "body_name": "green_cube_main",
    "initial_keypoint": [
      -0.16126246394100996,
      -0.028334619184311297,
      0.8505954584426735
    ],
    "initial_pos": [
      -0.149933702044513,
      -0.05108308210087721,
      0.8316552356336123
    ],
    "initial_rot": [
      [
        -0.9740847242166181,
        -0.22618344335480225,
        0.0
      ],
      [
        0.22618344335480225,
        -0.9740847242166181,
        0.0
      ],
      [
        0.0,
        0.0,
        0.9999999999999999
      ]
    ],
    "keypoint_offset": [
      -0.011328761896496953,
      0.022748462916565914,
      0.018940222809061158
    ]
  },
  "369": {
    "geom_id": 123,
    "geom_name": "green_cube_g0_vis",
    "body_id": 24,
    "body_name": "green_cube_main",
    "initial_keypoint": [
      -0.15814107330096983,
      -0.029080794352933148,
      0.8168528641892492
    ],
    "initial_pos": [
      -0.149933702044513,
      -0.05108308210087721,
      0.8316552356336123
    ],
    "initial_rot": [
      [
        -0.9740847242166181,
        -0.22618344335480225,
        0.0
      ],
      [
        0.22618344335480225,
        -0.9740847242166181,
        0.0
      ],
      [
        0.0,
        0.0,
        0.9999999999999999
      ]
    ],
    "keypoint_offset": [
      -0.008207371256456819,
      0.022002287747944063,
      -0.014802371444363138
    ]
  },
  "376": {
    "geom_id": 121,
    "geom_name": "red_cube_g0_vis",
    "body_id": 23,
    "body_name": "red_cube_main",
    "initial_keypoint": [
      0.10608386014071758,
      -0.022269702064458254,
      0.8313440256959674
    ],
    "initial_pos": [
      0.10267141898524293,
      0.001990339683567488,
      0.8311431793456685
    ],
    "initial_rot": [
      [
        -0.6869778584507129,
        -0.7266783483760008,
        0.0
      ],
      [
        0.7266783483760008,
        -0.6869778584507129,
        0.0
      ],
      [
        0.0,
        0.0,
        1.0
      ]
    ],
    "keypoint_offset": [
      0.003412441155474649,
      -0.02426004174802574,
      0.00020084635029893327
    ]
  },
  "385": {
    "geom_id": 75,
    "geom_name": "gripper0_right_wiping_surface_vis",
    "body_id": 14,
    "body_name": "gripper0_right_wiping_gripper",
    "initial_keypoint": [
      -0.08169775079773278,
      0.0,
      1.089418738489871
    ],
    "initial_pos": [
      -0.1065921659075316,
      0.013548838850384307,
      1.0894652131700753
    ],
    "initial_rot": [
      [
        -0.01741059568572821,
        0.9909417754048689,
        0.13315881088125808
      ],
      [
        0.99978770606843,
        0.015786759040137613,
        0.013240884918749793
      ],
      [
        0.011018799947863839,
        0.13336107376761475,
        -0.991006261358249
      ]
    ],
    "keypoint_offset": [
      0.024894415109798812,
      -0.013548838850384307,
      -4.6474680204244834e-05
    ]
  },
  "399": {
    "geom_id": 121,
    "geom_name": "red_cube_g0_vis",
    "body_id": 23,
    "body_name": "red_cube_main",
    "initial_keypoint": [
      0.09512735939064376,
      0.0,
      0.85296721209928
    ],
    "initial_pos": [
      0.10267141898524293,
      0.001990339683567488,
      0.8311431793456685
    ],
    "initial_rot": [
      [
        -0.6869778584507129,
        -0.7266783483760008,
        0.0
      ],
      [
        0.7266783483760008,
        -0.6869778584507129,
        0.0
      ],
      [
        0.0,
        0.0,
        1.0
      ]
    ],
    "keypoint_offset": [
      -0.007544059594599167,
      -0.001990339683567488,
      0.021824032753611444
    ]
  },
  "400": {
    "geom_id": 121,
    "geom_name": "red_cube_g0_vis",
    "body_id": 23,
    "body_name": "red_cube_main",
    "initial_keypoint": [
      0.12249078827904164,
      0.0,
      0.8529464695611988
    ],
    "initial_pos": [
      0.10267141898524293,
      0.001990339683567488,
      0.8311431793456685
    ],
    "initial_rot": [
      [
        -0.6869778584507129,
        -0.7266783483760008,
        0.0
      ],
      [
        0.7266783483760008,
        -0.6869778584507129,
        0.0
      ],
      [
        0.0,
        0.0,
        1.0
      ]
    ],
    "keypoint_offset": [
      0.01981936929379871,
      -0.001990339683567488,
      0.02180329021553029
    ]
  },
  "401": {
    "geom_id": 121,
    "geom_name": "red_cube_g0_vis",
    "body_id": 23,
    "body_name": "red_cube_main",
    "initial_keypoint": [
      0.1296487406492579,
      0.0,
      0.8266532565539134
    ],
    "initial_pos": [
      0.10267141898524293,
      0.001990339683567488,
      0.8311431793456685
    ],
    "initial_rot": [
      [
        -0.6869778584507129,
        -0.7266783483760008,
        0.0
      ],
      [
        0.7266783483760008,
        -0.6869778584507129,
        0.0
      ],
      [
        0.0,
        0.0,
        1.0
      ]
    ],
    "keypoint_offset": [
      0.02697732166401498,
      -0.001990339683567488,
      -0.0044899227917550855
    ]
  },
  "409": {
    "geom_id": 75,
    "geom_name": "gripper0_right_wiping_surface_vis",
    "body_id": 14,
    "body_name": "gripper0_right_wiping_gripper",
    "initial_keypoint": [
      -0.08200752883339257,
      0.02057970763429806,
      1.0892799682243686
    ],
    "initial_pos": [
      -0.1065921659075316,
      0.013548838850384307,
      1.0894652131700753
    ],
    "initial_rot": [
      [
        -0.01741059568572821,
        0.9909417754048689,
        0.13315881088125808
      ],
      [
        0.99978770606843,
        0.015786759040137613,
        0.013240884918749793
      ],
      [
        0.011018799947863839,
        0.13336107376761475,
        -0.991006261358249
      ]
    ],
    "keypoint_offset": [
      0.02458463707413902,
      0.007030868783913754,
      -0.00018524494570670846
    ]
  },
  "423": {
    "geom_id": 121,
    "geom_name": "red_cube_g0_vis",
    "body_id": 23,
    "body_name": "red_cube_main",
    "initial_keypoint": [
      0.09512883536116334,
      0.02201034974287291,
      0.8529690240412799
    ],
    "initial_pos": [
      0.10267141898524293,
      0.001990339683567488,
      0.8311431793456685
    ],
    "initial_rot": [
      [
        -0.6869778584507129,
        -0.7266783483760008,
        0.0
      ],
      [
        0.7266783483760008,
        -0.6869778584507129,
        0.0
      ],
      [
        0.0,
        0.0,
        1.0
      ]
    ],
    "keypoint_offset": [
      -0.007542583624079585,
      0.020020010059305423,
      0.02182584469561144
    ]
  },
  "424": {
    "geom_id": 121,
    "geom_name": "red_cube_g0_vis",
    "body_id": 23,
    "body_name": "red_cube_main",
    "initial_keypoint": [
      0.11170348923167733,
      0.02195200128273059,
      0.838743200054348
    ],
    "initial_pos": [
      0.10267141898524293,
      0.001990339683567488,
      0.8311431793456685
    ],
    "initial_rot": [
      [
        -0.6869778584507129,
        -0.7266783483760008,
        0.0
      ],
      [
        0.7266783483760008,
        -0.6869778584507129,
        0.0
      ],
      [
        0.0,
        0.0,
        1.0
      ]
    ],
    "keypoint_offset": [
      0.009032070246434404,
      0.019961661599163103,
      0.007600020708679489
    ]
  },
  "432": {
    "geom_id": 75,
    "geom_name": "gripper0_right_wiping_surface_vis",
    "body_id": 14,
    "body_name": "gripper0_right_wiping_gripper",
    "initial_keypoint": [
      -0.08513347172392638,
      0.0403724105798218,
      1.1085583012338531
    ],
    "initial_pos": [
      -0.1065921659075316,
      0.013548838850384307,
      1.0894652131700753
    ],
    "initial_rot": [
      [
        -0.01741059568572821,
        0.9909417754048689,
        0.13315881088125808
      ],
      [
        0.99978770606843,
        0.015786759040137613,
        0.013240884918749793
      ],
      [
        0.011018799947863839,
        0.13336107376761475,
        -0.991006261358249
      ]
    ],
    "keypoint_offset": [
      0.021458694183605215,
      0.026823571729437494,
      0.019093088063777852
    ]
  },
  "433": {
    "geom_id": 75,
    "geom_name": "gripper0_right_wiping_surface_vis",
    "body_id": 14,
    "body_name": "gripper0_right_wiping_gripper",
    "initial_keypoint": [
      -0.08231765598028706,
      0.04118134737667501,
      1.0891410415686347
    ],
    "initial_pos": [
      -0.1065921659075316,
      0.013548838850384307,
      1.0894652131700753
    ],
    "initial_rot": [
      [
        -0.01741059568572821,
        0.9909417754048689,
        0.13315881088125808
      ],
      [
        0.99978770606843,
        0.015786759040137613,
        0.013240884918749793
      ],
      [
        0.011018799947863839,
        0.13336107376761475,
        -0.991006261358249
      ]
    ],
    "keypoint_offset": [
      0.02427450992724453,
      0.027632508526290706,
      -0.00032417160144060375
    ]
  },
  "456": {
    "geom_id": 75,
    "geom_name": "gripper0_right_wiping_surface_vis",
    "body_id": 14,
    "body_name": "gripper0_right_wiping_gripper",
    "initial_keypoint": [
      -0.08522191495091214,
      0.06056776933585305,
      1.1085218071961682
    ],
    "initial_pos": [
      -0.1065921659075316,
      0.013548838850384307,
      1.0894652131700753
    ],
    "initial_rot": [
      [
        -0.01741059568572821,
        0.9909417754048689,
        0.13315881088125808
      ],
      [
        0.99978770606843,
        0.015786759040137613,
        0.013240884918749793
      ],
      [
        0.011018799947863839,
        0.13336107376761475,
        -0.991006261358249
      ]
    ],
    "keypoint_offset": [
      0.021370250956619458,
      0.04701893048546874,
      0.019056594026092943
    ]
  },
  "457": {
    "geom_id": 75,
    "geom_name": "gripper0_right_wiping_surface_vis",
    "body_id": 14,
    "body_name": "gripper0_right_wiping_gripper",
    "initial_keypoint": [
      -0.0826280740532106,
      0.061804950088446144,
      1.0890019845877077
    ],
    "initial_pos": [
      -0.1065921659075316,
      0.013548838850384307,
      1.0894652131700753
    ],
    "initial_rot": [
      [
        -0.01741059568572821,
        0.9909417754048689,
        0.13315881088125808
      ],
      [
        0.99978770606843,
        0.015786759040137613,
        0.013240884918749793
      ],
      [
        0.011018799947863839,
        0.13336107376761475,
        -0.991006261358249
      ]
    ],
    "keypoint_offset": [
      0.023964091854320996,
      0.04825611123806184,
      -0.0004632285823675808
    ]
  }
}