{
  "252": {
    "geom_id": 117,
    "geom_name": "blue_cube_g0_vis",
    "body_id": 21,
    "body_name": "blue_cube_main",
    "initial_keypoint": [
      0.0013344641798815893,
      -0.14585821740726312,
      0.8526842423349641
    ],
    "initial_pos": [
      0.009372618205041205,
      -0.131507298489185,
      0.8309656816597745
    ],
    "initial_rot": [
      [
        0.8990675397660491,
        0.43780995756038227,
        0.0
      ],
      [
        -0.43780995756038227,
        0.8990675397660491,
        0.0
      ],
      [
        0.0,
        0.0,
        1.0
      ]
    ],
    "keypoint_offset": [
      -0.008038154025159616,
      -0.014350918918078132,
      0.021718560675189624
    ]
  },
  "253": {
    "geom_id": 117,
    "geom_name": "blue_cube_g0_vis",
    "body_id": 21,
    "body_name": "blue_cube_main",
    "initial_keypoint": [
      0.025529088822399126,
      -0.1437291446422689,
      0.8429819112805829
    ],
    "initial_pos": [
      0.009372618205041205,
      -0.131507298489185,
      0.8309656816597745
    ],
    "initial_rot": [
      [
        0.8990675397660491,
        0.43780995756038227,
        0.0
      ],
      [
        -0.43780995756038227,
        0.8990675397660491,
        0.0
      ],
      [
        0.0,
        0.0,
        1.0
      ]
    ],
    "keypoint_offset": [
      0.01615647061735792,
      -0.012221846153083915,
      0.012016229620808394
    ]
  },
  "276": {
    "geom_id": 117,
    "geom_name": "blue_cube_g0_vis",
    "body_id": 21,
    "body_name": "blue_cube_main",
    "initial_keypoint": [
      0.0013344641798815893,
      -0.1215485145060526,
      0.8526842423349641
    ],
    "initial_pos": [
      0.009372618205041205,
      -0.131507298489185,
      0.8309656816597745
    ],
    "initial_rot": [
      [
        0.8990675397660491,
        0.43780995756038227,
        0.0
      ],
      [
        -0.43780995756038227,
        0.8990675397660491,
        0.0
      ],
      [
        0.0,
        0.0,
        1.0
      ]
    ],
    "keypoint_offset": [
      -0.008038154025159616,
      0.009958783983132394,
      0.021718560675189624
    ]
  },
  "277": {
    "geom_id": 117,
    "geom_name": "blue_cube_g0_vis",
    "body_id": 21,
    "body_name": "blue_cube_main",
    "initial_keypoint": [
      0.029814921159105556,
      -0.11869238207113832,
      0.8475617379227169
    ],
    "initial_pos": [
      0.009372618205041205,
      -0.131507298489185,
      0.8309656816597745
    ],
    "initial_rot": [
      [
        0.8990675397660491,
        0.43780995756038227,
        0.0
      ],
      [
        -0.43780995756038227,
        0.8990675397660491,
        0.0
      ],
      [
        0.0,
        0.0,
        1.0
      ]
    ],
    "keypoint_offset": [
      0.02044230295406435,
      0.012814916418046676,
      0.01659605626294247
    ]
  },
  "278": {
    "geom_id": 117,
    "geom_name": "blue_cube_g0_vis",
    "body_id": 21,
    "body_name": "blue_cube_main",
    "initial_keypoint": [
      0.035652255238733166,
      -0.12155236188336101,
      0.8182417397765239
    ],
    "initial_pos": [
      0.009372618205041205,
      -0.131507298489185,
      0.8309656816597745
    ],
    "initial_rot": [
      [
        0.8990675397660491,
        0.43780995756038227,
        0.0
      ],
      [
        -0.43780995756038227,
        0.8990675397660491,
        0.0
      ],
      [
        0.0,
        0.0,
        1.0
      ]
    ],
    "keypoint_offset": [
      0.02627963703369196,
      0.009954936605823986,
      -0.012723941883250545
    ]
  },
  "303": {
    "geom_id": 123,
    "geom_name": "red_cube_g0_vis",
    "body_id": 24,
    "body_name": "red_cube_main",
    "initial_keypoint": [
      0.09624251188623417,
      -0.08779922405800673,
      0.8543362039703619
    ],
    "initial_pos": [
      0.09177214744127685,
      -0.07128852282869333,
      0.8318287464618772
    ],
    "initial_rot": [
      [
        0.819349134358352,
        0.5732948595846812,
        0.0
      ],
      [
        -0.5732948595846812,
        0.819349134358352,
        0.0
      ],
      [
        0.0,
        0.0,
        1.0
      ]
    ],
    "keypoint_offset": [
      0.0044703644449573254,
      -0.016510701229313404,
      0.022507457508484707
    ]
  },
  "304": {
    "geom_id": 123,
    "geom_name": "red_cube_g0_vis",
    "body_id": 24,
    "body_name": "red_cube_main",
    "initial_keypoint": [
      0.10494841243976527,
      -0.08933557440119555,
      0.8298490203534115
    ],
    "initial_pos": [
      0.09177214744127685,
      -0.07128852282869333,
      0.8318287464618772
    ],
    "initial_rot": [
      [
        0.819349134358352,
        0.5732948595846812,
        0.0
      ],
      [
        -0.5732948595846812,
        0.819349134358352,
        0.0
      ],
      [
        0.0,
        0.0,
        1.0
      ]
    ],
    "keypoint_offset": [
      0.013176264998488424,
      -0.01804705157250222,
      -0.0019797261084657514
    ]
  },
  "312": {
    "geom_id": 75,
    "geom_name": "gripper0_right_wiping_surface_vis",
    "body_id": 14,
    "body_name": "gripper0_right_wiping_gripper",
    "initial_keypoint": [
      -0.09170606185180508,
      -0.06123884863722544,
      1.1058462749997475
    ],
    "initial_pos": [
      -0.11624033276051857,
      -0.007493706817684536,
      1.0903035910851615
    ],
    "initial_rot": [
      [
        -0.03014393328839811,
        0.9933691262542548,
        0.1109464839044435
      ],
      [
        0.9995092876364082,
        0.030902290885594416,
        -0.005121752295646681
      ],
      [
        -0.008516291121166315,
        0.11073765133357509,
        -0.9938131843373075
      ]
    ],
    "keypoint_offset": [
      0.02453427090871349,
      -0.053745141819540904,
      0.01554268391458602
    ]
  },
  "313": {
    "geom_id": 75,
    "geom_name": "gripper0_right_wiping_surface_vis",
    "body_id": 14,
    "body_name": "gripper0_right_wiping_gripper",
    "initial_keypoint": [
      -0.08945866810246739,
      -0.06252953673829954,
      1.0859421054463874
    ],
    "initial_pos": [
      -0.11624033276051857,
      -0.007493706817684536,
      1.0903035910851615
    ],
    "initial_rot": [
      [
        -0.03014393328839811,
        0.9933691262542548,
        0.1109464839044435
      ],
      [
        0.9995092876364082,
        0.030902290885594416,
        -0.005121752295646681
      ],
      [
        -0.008516291121166315,
        0.11073765133357509,
        -0.9938131843373075
      ]
    ],
    "keypoint_offset": [
      0.02678166465805118,
      -0.05503582992061501,
      -0.004361485638774143
    ]
  },
  "327": {
    "geom_id": 123,
    "geom_name": "red_cube_g0_vis",
    "body_id": 24,
    "body_name": "red_cube_main",
    "initial_keypoint": [
      0.09624251188623417,
      -0.06584941804350505,
      0.8543362039703619
    ],
    "initial_pos": [
      0.09177214744127685,
      -0.07128852282869333,
      0.8318287464618772
    ],
    "initial_rot": [
      [
        0.819349134358352,
        0.5732948595846812,
        0.0
      ],
      [
        -0.5732948595846812,
        0.819349134358352,
        0.0
      ],
      [
        0.0,
        0.0,
        1.0
      ]
    ],
    "keypoint_offset": [
      0.0044703644449573254,
      0.005439104785188276,
      0.022507457508484707
    ]
  },
  "328": {
    "geom_id": 123,
    "geom_name": "red_cube_g0_vis",
    "body_id": 24,
    "body_name": "red_cube_main",
    "initial_keypoint": [
      0.11928125611101659,
      -0.06457079671671637,
      0.848720587792907
    ],
    "initial_pos": [
      0.09177214744127685,
      -0.07128852282869333,
      0.8318287464618772
    ],
    "initial_rot": [
      [
        0.819349134358352,
        0.5732948595846812,
        0.0
      ],
      [
        -0.5732948595846812,
        0.819349134358352,
        0.0
      ],
      [
        0.0,
        0.0,
        1.0
      ]
    ],
    "keypoint_offset": [
      0.02750910866973974,
      0.006717726111976963,
      0.016891841331029833
    ]
  },
  "329": {
    "geom_id": 123,
    "geom_name": "red_cube_g0_vis",
    "body_id": 24,
    "body_name": "red_cube_main",
    "initial_keypoint": [
      0.12055257120142304,
      -0.06703115952927886,
      0.8137993765193116
    ],
    "initial_pos": [
      0.09177214744127685,
      -0.07128852282869333,
      0.8318287464618772
    ],
    "initial_rot": [
      [
        0.819349134358352,
        0.5732948595846812,
        0.0
      ],
      [
        -0.5732948595846812,
        0.819349134358352,
        0.0
      ],
      [
        0.0,
        0.0,
        1.0
      ]
    ],
    "keypoint_offset": [
      0.028780423760146195,
      0.0042573632994144656,
      -0.018029369942565654
    ]
  },
  "336": {
    "geom_id": 75,
    "geom_name": "gripper0_right_wiping_surface_vis",
    "body_id": 14,
    "body_name": "gripper0_right_wiping_gripper",
    "initial_keypoint": [
      -0.09231216334597636,
      -0.04086771823114698,
      1.1055961813348847
    ],
    "initial_pos": [
      -0.11624033276051857,
      -0.007493706817684536,
      1.0903035910851615
    ],
    "initial_rot": [
      [
        -0.03014393328839811,
        0.9933691262542548,
        0.1109464839044435
      ],
      [
        0.9995092876364082,
        0.030902290885594416,
        -0.005121752295646681
      ],
      [
        -0.008516291121166315,
        0.11073765133357509,
        -0.9938131843373075
      ]
    ],
    "keypoint_offset": [
      0.023928169414542205,
      -0.03337401141346245,
      0.015292590249723181
    ]
  },
  "337": {
    "geom_id": 75,
    "geom_name": "gripper0_right_wiping_surface_vis",
    "body_id": 14,
    "body_name": "gripper0_right_wiping_gripper",
    "initial_keypoint": [
      -0.09007519854308543,
      -0.04172995869180016,
      1.0856659202973897
    ],
    "initial_pos": [
      -0.11624033276051857,
      -0.007493706817684536,
      1.0903035910851615
    ],
    "initial_rot": [
      [
        -0.03014393328839811,
        0.9933691262542548,
        0.1109464839044435
      ],
      [
        0.9995092876364082,
        0.030902290885594416,
        -0.005121752295646681
      ],
      [
        -0.008516291121166315,
        0.11073765133357509,
        -0.9938131843373075
      ]
    ],
    "keypoint_offset": [
      0.026165134217433134,
      -0.03423625187411563,
      -0.004637670787771775
    ]
  },
  "351": {
    "geom_id": 123,
    "geom_name": "red_cube_g0_vis",
    "body_id": 24,
    "body_name": "red_cube_main",
    "initial_keypoint": [
      0.09057629890721469,
      -0.044515686179391806,
      0.8473802050923874
    ],
    "initial_pos": [
      0.09177214744127685,
      -0.07128852282869333,
      0.8318287464618772
    ],
    "initial_rot": [
      [
        0.819349134358352,
        0.5732948595846812,
        0.0
      ],
      [
        -0.5732948595846812,
        0.819349134358352,
        0.0
      ],
      [
        0.0,
        0.0,
        1.0
      ]
    ],
    "keypoint_offset": [
      -0.001195848534062155,
      0.026772836649301524,
      0.015551458630510218
    ]
  },
  "352": {
    "geom_id": 123,
    "geom_name": "red_cube_g0_vis",
    "body_id": 24,
    "body_name": "red_cube_main",
    "initial_keypoint": [
      0.09272469926558735,
      -0.046049900919561314,
      0.8137544732545516
    ],
    "initial_pos": [
      0.09177214744127685,
      -0.07128852282869333,
      0.8318287464618772
    ],
    "initial_rot": [
      [
        0.819349134358352,
        0.5732948595846812,
        0.0
      ],
      [
        -0.5732948595846812,
        0.819349134358352,
        0.0
      ],
      [
        0.0,
        0.0,
        1.0
      ]
    ],
    "keypoint_offset": [
      0.0009525518243105047,
      0.025238621909132015,
      -0.018074273207325575
    ]
  },
  "360": {
    "geom_id": 75,
    "geom_name": "gripper0_right_wiping_surface_vis",
    "body_id": 14,
    "body_name": "gripper0_right_wiping_gripper",
    "initial_keypoint": [
      -0.0929214256567561,
      -0.02045487772871926,
      1.1053447834326666
    ],
    "initial_pos": [
      -0.11624033276051857,
      -0.007493706817684536,
      1.0903035910851615
    ],
    "initial_rot": [
      [
        -0.03014393328839811,
        0.9933691262542548,
        0.1109464839044435
      ],
      [
        0.9995092876364082,
        0.030902290885594416,
        -0.005121752295646681
      ],
      [
        -0.008516291121166315,
        0.11073765133357509,
        -0.9938131843373075
      ]
    ],
    "keypoint_offset": [
      0.02331890710376247,
      -0.012961170911034723,
      0.015041192347505117
    ]
  },
  "361": {
    "geom_id": 75,
    "geom_name": "gripper0_right_wiping_surface_vis",
    "body_id": 14,
    "body_name": "gripper0_right_wiping_gripper",
    "initial_keypoint": [
      -0.09069504554043395,
      -0.02088689705203182,
      1.085388249441192
    ],
    "initial_pos": [
      -0.11624033276051857,
      -0.007493706817684536,
      1.0903035910851615
    ],
    "initial_rot": [
      [
        -0.03014393328839811,
        0.9933691262542548,
        0.1109464839044435
      ],
      [
        0.9995092876364082,
        0.030902290885594416,
        -0.005121752295646681
      ],
      [
        -0.008516291121166315,
        0.11073765133357509,
        -0.9938131843373075
      ]
    ],
    "keypoint_offset": [
      0.025545287220084617,
      -0.013393190234347286,
      -0.004915341643969562
    ]
  },
  "384": {
    "geom_id": 75,
    "geom_name": "gripper0_right_wiping_surface_vis",
    "body_id": 14,
    "body_name": "gripper0_right_wiping_gripper",
    "initial_keypoint": [
      -0.09353003194899445,
      0.0,
      1.1050936562212206
    ],
    "initial_pos": [
      -0.11624033276051857,
      -0.007493706817684536,
      1.0903035910851615
    ],
    "initial_rot": [
      [
        -0.03014393328839811,
        0.9933691262542548,
        0.1109464839044435
      ],
      [
        0.9995092876364082,
        0.030902290885594416,
        -0.005121752295646681
      ],
      [
        -0.008516291121166315,
        0.11073765133357509,
        -0.9938131843373075
      ]
    ],
    "keypoint_offset": [
      0.022710300811524115,
      0.007493706817684536,
      0.014790065136059072
    ]
  },
  "385": {
    "geom_id": 75,
    "geom_name": "gripper0_right_wiping_surface_vis",
    "body_id": 14,
    "body_name": "gripper0_right_wiping_gripper",
    "initial_keypoint": [
      -0.09131413613010719,
      0.0,
      1.0851109174304958
    ],
    "initial_pos": [
      -0.11624033276051857,
      -0.007493706817684536,
      1.0903035910851615
    ],
    "initial_rot": [
      [
        -0.03014393328839811,
        0.9933691262542548,
        0.1109464839044435
      ],
      [
        0.9995092876364082,
        0.030902290885594416,
        -0.005121752295646681
      ],
      [
        -0.008516291121166315,
        0.11073765133357509,
        -0.9938131843373075
      ]
    ],
    "keypoint_offset": [
      0.024926196630411374,
      0.007493706817684536,
      -0.0051926736546656915
    ]
  },
  "408": {
    "geom_id": 75,
    "geom_name": "gripper0_right_wiping_surface_vis",
    "body_id": 14,
    "body_name": "gripper0_right_wiping_gripper",
    "initial_keypoint": [
      -0.09413989064026629,
      0.020496912897589772,
      1.104842012236483
    ],
    "initial_pos": [
      -0.11624033276051857,
      -0.007493706817684536,
      1.0903035910851615
    ],
    "initial_rot": [
      [
        -0.03014393328839811,
        0.9933691262542548,
        0.1109464839044435
      ],
      [
        0.9995092876364082,
        0.030902290885594416,
        -0.005121752295646681
      ],
      [
        -0.008516291121166315,
        0.11073765133357509,
        -0.9938131843373075
      ]
    ],
    "keypoint_offset": [
      0.02210044212025228,
      0.027990619715274306,
      0.014538421151321534
    ]
  },
  "409": {
    "geom_id": 75,
    "geom_name": "gripper0_right_wiping_surface_vis",
    "body_id": 14,
    "body_name": "gripper0_right_wiping_gripper",
    "initial_keypoint": [
      -0.09193456497951369,
      0.020930726292032242,
      1.084832985923912
    ],
    "initial_pos": [
      -0.11624033276051857,
      -0.007493706817684536,
      1.0903035910851615
    ],
    "initial_rot": [
      [
        -0.03014393328839811,
        0.9933691262542548,
        0.1109464839044435
      ],
      [
        0.9995092876364082,
        0.030902290885594416,
        -0.005121752295646681
      ],
      [
        -0.008516291121166315,
        0.11073765133357509,
        -0.9938131843373075
      ]
    ],
    "keypoint_offset": [
      0.024305767781004878,
      0.028424433109716776,
      -0.00547060516124942
    ]
  },
  "417": {
    "geom_id": 119,
    "geom_name": "green_cube_g0_vis",
    "body_id": 22,
    "body_name": "green_cube_main",
    "initial_keypoint": [
      -0.11701692375009454,
      0.027263671877914213,
      0.8501667287012058
    ],
    "initial_pos": [
      -0.13321333823718262,
      0.04536741372394576,
      0.8315988360691035
    ],
    "initial_rot": [
      [
        0.9554170924251362,
        0.2952595121277189,
        0.0
      ],
      [
        -0.2952595121277189,
        0.9554170924251362,
        0.0
      ],
      [
        0.0,
        0.0,
        1.0
      ]
    ],
    "keypoint_offset": [
      0.016196414487088084,
      -0.018103741846031546,
      0.018567892632102345
    ]
  },
  "418": {
    "geom_id": 119,
    "geom_name": "green_cube_g0_vis",
    "body_id": 22,
    "body_name": "green_cube_main",
    "initial_keypoint": [
      -0.11676594799577766,
      0.028130304932446237,
      0.8143604106756579
    ],
    "initial_pos": [
      -0.13321333823718262,
      0.04536741372394576,
      0.8315988360691035
    ],
    "initial_rot": [
      [
        0.9554170924251362,
        0.2952595121277189,
        0.0
      ],
      [
        -0.2952595121277189,
        0.9554170924251362,
        0.0
      ],
      [
        0.0,
        0.0,
        1.0
      ]
    ],
    "keypoint_offset": [
      0.016447390241404958,
      -0.017237108791499523,
      -0.017238425393445556
    ]
  },
  "432": {
    "geom_id": 75,
    "geom_name": "gripper0_right_wiping_surface_vis",
    "body_id": 14,
    "body_name": "gripper0_right_wiping_gripper",
    "initial_keypoint": [
      -0.09475094209252244,
      0.0410359864667323,
      1.1045898760867057
    ],
    "initial_pos": [
      -0.11624033276051857,
      -0.007493706817684536,
      1.0903035910851615
    ],
    "initial_rot": [
      [
        -0.03014393328839811,
        0.9933691262542548,
        0.1109464839044435
      ],
      [
        0.9995092876364082,
        0.030902290885594416,
        -0.005121752295646681
      ],
      [
        -0.008516291121166315,
        0.11073765133357509,
        -0.9938131843373075
      ]
    ],
    "keypoint_offset": [
      0.021489390667996128,
      0.048529693284416836,
      0.014286285001544163
    ]
  },
  "433": {
    "geom_id": 75,
    "geom_name": "gripper0_right_wiping_surface_vis",
    "body_id": 14,
    "body_name": "gripper0_right_wiping_gripper",
    "initial_keypoint": [
      -0.09255627390344767,
      0.04190541967127327,
      1.084554480986479
    ],
    "initial_pos": [
      -0.11624033276051857,
      -0.007493706817684536,
      1.0903035910851615
    ],
    "initial_rot": [
      [
        -0.03014393328839811,
        0.9933691262542548,
        0.1109464839044435
      ],
      [
        0.9995092876364082,
        0.030902290885594416,
        -0.005121752295646681
      ],
      [
        -0.008516291121166315,
        0.11073765133357509,
        -0.9938131843373075
      ]
    ],
    "keypoint_offset": [
      0.023684058857070894,
      0.049399126488957806,
      -0.005749110098682397
    ]
  },
  "441": {
    "geom_id": 119,
    "geom_name": "green_cube_g0_vis",
    "body_id": 22,
    "body_name": "green_cube_main",
    "initial_keypoint": [
      -0.11224101238711004,
      0.054105284407676264,
      0.8540356005394123
    ],
    "initial_pos": [
      -0.13321333823718262,
      0.04536741372394576,
      0.8315988360691035
    ],
    "initial_rot": [
      [
        0.9554170924251362,
        0.2952595121277189,
        0.0
      ],
      [
        -0.2952595121277189,
        0.9554170924251362,
        0.0
      ],
      [
        0.0,
        0.0,
        1.0
      ]
    ],
    "keypoint_offset": [
      0.020972325850072582,
      0.008737870683730505,
      0.022436764470308845
    ]
  },
  "442": {
    "geom_id": 119,
    "geom_name": "green_cube_g0_vis",
    "body_id": 22,
    "body_name": "green_cube_main",
    "initial_keypoint": [
      -0.10830234669516137,
      0.055488570856621504,
      0.821710751497162
    ],
    "initial_pos": [
      -0.13321333823718262,
      0.04536741372394576,
      0.8315988360691035
    ],
    "initial_rot": [
      [
        0.9554170924251362,
        0.2952595121277189,
        0.0
      ],
      [
        -0.2952595121277189,
        0.9554170924251362,
        0.0
      ],
      [
        0.0,
        0.0,
        1.0
      ]
    ],
    "keypoint_offset": [
      0.024910991542021255,
      0.010121157132675744,
      -0.009888084571941458
    ]
  },
  "470": {
    "geom_id": 121,
    "geom_name": "light_cube_g0_vis",
    "body_id": 23,
    "body_name": "light_cube_main",
    "initial_keypoint": [
      0.06724320760434915,
      0.06796967681684729,
      0.8544188291632278
    ],
    "initial_pos": [
      0.06545407766803207,
      0.08393368721456079,
      0.8318580325616557
    ],
    "initial_rot": [
      [
        -0.9866665173393613,
        0.16275498014320733,
        0.0
      ],
      [
        -0.16275498014320733,
        -0.9866665173393613,
        0.0
      ],
      [
        0.0,
        0.0,
        0.9999999999999999
      ]
    ],
    "keypoint_offset": [
      0.0017891299363170798,
      -0.0159640103977135,
      0.022560796601572064
    ]
  },
  "471": {
    "geom_id": 121,
    "geom_name": "light_cube_g0_vis",
    "body_id": 23,
    "body_name": "light_cube_main",
    "initial_keypoint": [
      0.08889047565614316,
      0.06704847272716664,
      0.8453106421080208
    ],
    "initial_pos": [
      0.06545407766803207,
      0.08393368721456079,
      0.8318580325616557
    ],
    "initial_rot": [
      [
        -0.9866665173393613,
        0.16275498014320733,
        0.0
      ],
      [
        -0.16275498014320733,
        -0.9866665173393613,
        0.0
      ],
      [
        0.0,
        0.0,
        0.9999999999999999
      ]
    ],
    "keypoint_offset": [
      0.02343639798811109,
      -0.01688521448739415,
      0.013452609546365069
    ]
  },
  "494": {
    "geom_id": 121,
    "geom_name": "light_cube_g0_vis",
    "body_id": 23,
    "body_name": "light_cube_main",
    "initial_keypoint": [
      0.06724320760434915,
      0.09062623575579638,
      0.8544188291632278
    ],
    "initial_pos": [
      0.06545407766803207,
      0.08393368721456079,
      0.8318580325616557
    ],
    "initial_rot": [
      [
        -0.9866665173393613,
        0.16275498014320733,
        0.0
      ],
      [
        -0.16275498014320733,
        -0.9866665173393613,
        0.0
      ],
      [
        0.0,
        0.0,
        0.9999999999999999
      ]
    ],
    "keypoint_offset": [
      0.0017891299363170798,
      0.006692548541235591,
      0.022560796601572064
    ]
  },
  "495": {
    "geom_id": 121,
    "geom_name": "light_cube_g0_vis",
    "body_id": 23,
    "body_name": "light_cube_main",
    "initial_keypoint": [
      0.0850598023224311,
      0.09023096402933156,
      0.8406080021772853
    ],
    "initial_pos": [
      0.06545407766803207,
      0.08393368721456079,
      0.8318580325616557
    ],
    "initial_rot": [
      [
        -0.9866665173393613,
        0.16275498014320733,
        0.0
      ],
      [
        -0.16275498014320733,
        -0.9866665173393613,
        0.0
      ],
      [
        0.0,
        0.0,
        0.9999999999999999
      ]
    ],
    "keypoint_offset": [
      0.019605724654399026,
      0.006297276814770769,
      0.008749969615629571
    ]
  },
  "517": {
    "geom_id": 125,
    "geom_name": "dark_cube_g0_vis",
    "body_id": 25,
    "body_name": "dark_cube_main",
    "initial_keypoint": [
      0.034533733771529795,
      0.11750117644867006,
      0.852604245894045
    ],
    "initial_pos": [
      0.03048295965447151,
      0.13364346578858485,
      0.8309381406576399
    ],
    "initial_rot": [
      [
        -0.917698369184021,
        -0.39727786648262725,
        0.0
      ],
      [
        0.39727786648262725,
        -0.917698369184021,
        0.0
      ],
      [
        0.0,
        0.0,
        1.0
      ]
    ],
    "keypoint_offset": [
      0.004050774117058287,
      -0.016142289339914795,
      0.02166610523640511
    ]
  },
  "518": {
    "geom_id": 125,
    "geom_name": "dark_cube_g0_vis",
    "body_id": 25,
    "body_name": "dark_cube_main",
    "initial_keypoint": [
      0.047186603462313625,
      0.11853301423888783,
      0.8314505579809416
    ],
    "initial_pos": [
      0.03048295965447151,
      0.13364346578858485,
      0.8309381406576399
    ],
    "initial_rot": [
      [
        -0.917698369184021,
        -0.39727786648262725,
        0.0
      ],
      [
        0.39727786648262725,
        -0.917698369184021,
        0.0
      ],
      [
        0.0,
        0.0,
        1.0
      ]
    ],
    "keypoint_offset": [
      0.016703643807842117,
      -0.015110451549697021,
      0.0005124173233016505
    ]
  },
  "541": {
    "geom_id": 125,
    "geom_name": "dark_cube_g0_vis",
    "body_id": 25,
    "body_name": "dark_cube_main",
    "initial_keypoint": [
      0.034533733771529795,
      0.14100141173840408,
      0.852604245894045
    ],
    "initial_pos": [
      0.03048295965447151,
      0.13364346578858485,
      0.8309381406576399
    ],
    "initial_rot": [
      [
        -0.917698369184021,
        -0.39727786648262725,
        0.0
      ],
      [
        0.39727786648262725,
        -0.917698369184021,
        0.0
      ],
      [
        0.0,
        0.0,
        1.0
      ]
    ],
    "keypoint_offset": [
      0.004050774117058287,
      0.007357945949819228,
      0.02166610523640511
    ]
  },
  "542": {
    "geom_id": 125,
    "geom_name": "dark_cube_g0_vis",
    "body_id": 25,
    "body_name": "dark_cube_main",
    "initial_keypoint": [
      0.05623046493827166,
      0.13939872191182917,
      0.841807339290669
    ],
    "initial_pos": [
      0.03048295965447151,
      0.13364346578858485,
      0.8309381406576399
    ],
    "initial_rot": [
      [
        -0.917698369184021,
        -0.39727786648262725,
        0.0
      ],
      [
        0.39727786648262725,
        -0.917698369184021,
        0.0
      ],
      [
        0.0,
        0.0,
        1.0
      ]
    ],
    "keypoint_offset": [
      0.025747505283800154,
      0.005755256123244318,
      0.010869198633029042
    ]
  }
}