{
  "279": {
    "geom_id": 117,
    "geom_name": "red_cube_g0_vis",
    "body_id": 21,
    "body_name": "red_cube_main",
    "initial_keypoint": [
      0.09343941679728784,
      -0.11051096508614755,
      0.8508950473520415
    ],
    "initial_pos": [
      0.08555529449458651,
      -0.10612766001099437,
      0.8301053080190705
    ],
    "initial_rot": [
      [
        0.6145615296143181,
        0.7888688904489195,
        0.0
      ],
      [
        -0.7888688904489195,
        0.6145615296143181,
        0.0
      ],
      [
        0.0,
        0.0,
        1.0
      ]
    ],
    "keypoint_offset": [
      0.00788412230270133,
      -0.004383305075153179,
      0.020789739332971013
    ]
  },
  "280": {
    "geom_id": 117,
    "geom_name": "red_cube_g0_vis",
    "body_id": 21,
    "body_name": "red_cube_main",
    "initial_keypoint": [
      0.1132827077424185,
      -0.10931360777482789,
      0.8408225033182863
    ],
    "initial_pos": [
      0.08555529449458651,
      -0.10612766001099437,
      0.8301053080190705
    ],
    "initial_rot": [
      [
        0.6145615296143181,
        0.7888688904489195,
        0.0
      ],
      [
        -0.7888688904489195,
        0.6145615296143181,
        0.0
      ],
      [
        0.0,
        0.0,
        1.0
      ]
    ],
    "keypoint_offset": [
      0.027727413247831983,
      -0.0031859477638335187,
      0.010717195299215887
    ]
  },
  "303": {
    "geom_id": 117,
    "geom_name": "red_cube_g0_vis",
    "body_id": 21,
    "body_name": "red_cube_main",
    "initial_keypoint": [
      0.09343794082676837,
      -0.08840909302659725,
      0.8508932354100415
    ],
    "initial_pos": [
      0.08555529449458651,
      -0.10612766001099437,
      0.8301053080190705
    ],
    "initial_rot": [
      [
        0.6145615296143181,
        0.7888688904489195,
        0.0
      ],
      [
        -0.7888688904489195,
        0.6145615296143181,
        0.0
      ],
      [
        0.0,
        0.0,
        1.0
      ]
    ],
    "keypoint_offset": [
      0.007882646332181859,
      0.017718566984397124,
      0.020787927390971017
    ]
  },
  "304": {
    "geom_id": 117,
    "geom_name": "red_cube_g0_vis",
    "body_id": 21,
    "body_name": "red_cube_main",
    "initial_keypoint": [
      0.09876902946776872,
      -0.09073295829897349,
      0.8217128371112535
    ],
    "initial_pos": [
      0.08555529449458651,
      -0.10612766001099437,
      0.8301053080190705
    ],
    "initial_rot": [
      [
        0.6145615296143181,
        0.7888688904489195,
        0.0
      ],
      [
        -0.7888688904489195,
        0.6145615296143181,
        0.0
      ],
      [
        0.0,
        0.0,
        1.0
      ]
    ],
    "keypoint_offset": [
      0.013213734973182206,
      0.015394701712020883,
      -0.008392470907816918
    ]
  },
  "313": {
    "geom_id": 75,
    "geom_name": "gripper0_right_wiping_surface_vis",
    "body_id": 14,
    "body_name": "gripper0_right_wiping_gripper",
    "initial_keypoint": [
      -0.09877586510663694,
      -0.06351790122235344,
      1.0817683108154896
    ],
    "initial_pos": [
      -0.12129604289462573,
      -0.0070515096526880885,
      1.074430094068612
    ],
    "initial_rot": [
      [
        0.024442621778201567,
        0.9956427372132586,
        0.08998943313020202
      ],
      [
        0.9996683496809762,
        -0.023612469342779153,
        -0.010278226386247494
      ],
      [
        -0.008108568721940039,
        0.09021081490610554,
        -0.9958896826392244
      ]
    ],
    "keypoint_offset": [
      0.022520177787988788,
      -0.056466391569665354,
      0.007338216746877624
    ]
  },
  "337": {
    "geom_id": 75,
    "geom_name": "gripper0_right_wiping_surface_vis",
    "body_id": 14,
    "body_name": "gripper0_right_wiping_gripper",
    "initial_keypoint": [
      -0.09829141508317651,
      -0.042311007306735045,
      1.081985328326867
    ],
    "initial_pos": [
      -0.12129604289462573,
      -0.0070515096526880885,
      1.074430094068612
    ],
    "initial_rot": [
      [
        0.024442621778201567,
        0.9956427372132586,
        0.08998943313020202
      ],
      [
        0.9996683496809762,
        -0.023612469342779153,
        -0.010278226386247494
      ],
      [
        -0.008108568721940039,
        0.09021081490610554,
        -0.9958896826392244
      ]
    ],
    "keypoint_offset": [
      0.023004627811449213,
      -0.035259497654046956,
      0.007555234258254995
    ]
  },
  "361": {
    "geom_id": 75,
    "geom_name": "gripper0_right_wiping_surface_vis",
    "body_id": 14,
    "body_name": "gripper0_right_wiping_gripper",
    "initial_keypoint": [
      -0.09780975794959434,
      -0.02113847232215955,
      1.0822010947163916
    ],
    "initial_pos": [
      -0.12129604289462573,
      -0.0070515096526880885,
      1.074430094068612
    ],
    "initial_rot": [
      [
        0.024442621778201567,
        0.9956427372132586,
        0.08998943313020202
      ],
      [
        0.9996683496809762,
        -0.023612469342779153,
        -0.010278226386247494
      ],
      [
        -0.008108568721940039,
        0.09021081490610554,
        -0.9958896826392244
      ]
    ],
    "keypoint_offset": [
      0.023486284945031383,
      -0.014086962669471462,
      0.00777100064777958
    ]
  },
  "385": {
    "geom_id": 75,
    "geom_name": "gripper0_right_wiping_surface_vis",
    "body_id": 14,
    "body_name": "gripper0_right_wiping_gripper",
    "initial_keypoint": [
      -0.09732682074148458,
      0.0,
      1.0824174345367652
    ],
    "initial_pos": [
      -0.12129604289462573,
      -0.0070515096526880885,
      1.074430094068612
    ],
    "initial_rot": [
      [
        0.024442621778201567,
        0.9956427372132586,
        0.08998943313020202
      ],
      [
        0.9996683496809762,
        -0.023612469342779153,
        -0.010278226386247494
      ],
      [
        -0.008108568721940039,
        0.09021081490610554,
        -0.9958896826392244
      ]
    ],
    "keypoint_offset": [
      0.02396922215314115,
      0.0070515096526880885,
      0.007987340468153192
    ]
  },
  "409": {
    "geom_id": 75,
    "geom_name": "gripper0_right_wiping_surface_vis",
    "body_id": 14,
    "body_name": "gripper0_right_wiping_gripper",
    "initial_keypoint": [
      -0.0968446399410503,
      0.02110434587969197,
      1.0826334355116374
    ],
    "initial_pos": [
      -0.12129604289462573,
      -0.0070515096526880885,
      1.074430094068612
    ],
    "initial_rot": [
      [
        0.024442621778201567,
        0.9956427372132586,
        0.08998943313020202
      ],
      [
        0.9996683496809762,
        -0.023612469342779153,
        -0.010278226386247494
      ],
      [
        -0.008108568721940039,
        0.09021081490610554,
        -0.9958896826392244
      ]
    ],
    "keypoint_offset": [
      0.024451402953575424,
      0.028155855532380057,
      0.00820334144302537
    ]
  },
  "432": {
    "geom_id": 75,
    "geom_name": "gripper0_right_wiping_surface_vis",
    "body_id": 14,
    "body_name": "gripper0_right_wiping_gripper",
    "initial_keypoint": [
      -0.1335048795953171,
      0.043709889007015924,
      1.08859896639394
    ],
    "initial_pos": [
      -0.12129604289462573,
      -0.0070515096526880885,
      1.074430094068612
    ],
    "initial_rot": [
      [
        0.024442621778201567,
        0.9956427372132586,
        0.08998943313020202
      ],
      [
        0.9996683496809762,
        -0.023612469342779153,
        -0.010278226386247494
      ],
      [
        -0.008108568721940039,
        0.09021081490610554,
        -0.9958896826392244
      ]
    ],
    "keypoint_offset": [
      -0.012208836700691367,
      0.05076139865970401,
      0.01416887232532793
    ]
  },
  "433": {
    "geom_id": 75,
    "geom_name": "gripper0_right_wiping_surface_vis",
    "body_id": 14,
    "body_name": "gripper0_right_wiping_gripper",
    "initial_keypoint": [
      -0.0963653684009057,
      0.04217479780549167,
      1.0828481332345792
    ],
    "initial_pos": [
      -0.12129604289462573,
      -0.0070515096526880885,
      1.074430094068612
    ],
    "initial_rot": [
      [
        0.024442621778201567,
        0.9956427372132586,
        0.08998943313020202
      ],
      [
        0.9996683496809762,
        -0.023612469342779153,
        -0.010278226386247494
      ],
      [
        -0.008108568721940039,
        0.09021081490610554,
        -0.9958896826392244
      ]
    ],
    "keypoint_offset": [
      0.024930674493720023,
      0.04922630745817976,
      0.008418039165967173
    ]
  },
  "434": {
    "geom_id": 75,
    "geom_name": "gripper0_right_wiping_surface_vis",
    "body_id": 14,
    "body_name": "gripper0_right_wiping_gripper",
    "initial_keypoint": [
      -0.44404233829525985,
      0.06847211960427169,
      0.8920291497589179
    ],
    "initial_pos": [
      -0.12129604289462573,
      -0.0070515096526880885,
      1.074430094068612
    ],
    "initial_rot": [
      [
        0.024442621778201567,
        0.9956427372132586,
        0.08998943313020202
      ],
      [
        0.9996683496809762,
        -0.023612469342779153,
        -0.010278226386247494
      ],
      [
        -0.008108568721940039,
        0.09021081490610554,
        -0.9958896826392244
      ]
    ],
    "keypoint_offset": [
      -0.32274629540063415,
      0.07552362925695977,
      -0.1824009443096941
    ]
  },
  "467": {
    "geom_id": 119,
    "geom_name": "blue_cube_g0_vis",
    "body_id": 22,
    "body_name": "blue_cube_main",
    "initial_keypoint": [
      -0.05356393491276079,
      0.07826374011740433,
      0.8347784240800078
    ],
    "initial_pos": [
      -0.06035447308037864,
      0.10260152200584335,
      0.8315062996867829
    ],
    "initial_rot": [
      [
        -0.7325780805405198,
        -0.6806830069214065,
        0.0
      ],
      [
        0.6806830069214065,
        -0.7325780805405198,
        0.0
      ],
      [
        0.0,
        0.0,
        1.0
      ]
    ],
    "keypoint_offset": [
      0.006790538167617849,
      -0.02433778188843902,
      0.0032721243932248845
    ]
  },
  "490": {
    "geom_id": 119,
    "geom_name": "blue_cube_g0_vis",
    "body_id": 22,
    "body_name": "blue_cube_main",
    "initial_keypoint": [
      -0.07133086709418157,
      0.10423215847699989,
      0.8538191845494967
    ],
    "initial_pos": [
      -0.06035447308037864,
      0.10260152200584335,
      0.8315062996867829
    ],
    "initial_rot": [
      [
        -0.7325780805405198,
        -0.6806830069214065,
        0.0
      ],
      [
        0.6806830069214065,
        -0.7325780805405198,
        0.0
      ],
      [
        0.0,
        0.0,
        1.0
      ]
    ],
    "keypoint_offset": [
      -0.010976394013802931,
      0.0016306364711565352,
      0.022312884862713767
    ]
  },
  "491": {
    "geom_id": 119,
    "geom_name": "blue_cube_g0_vis",
    "body_id": 22,
    "body_name": "blue_cube_main",
    "initial_keypoint": [
      -0.0331368441626253,
      0.1005009678484745,
      0.8537906415023805
    ],
    "initial_pos": [
      -0.06035447308037864,
      0.10260152200584335,
      0.8315062996867829
    ],
    "initial_rot": [
      [
        -0.7325780805405198,
        -0.6806830069214065,
        0.0
      ],
      [
        0.6806830069214065,
        -0.7325780805405198,
        0.0
      ],
      [
        0.0,
        0.0,
        1.0
      ]
    ],
    "keypoint_offset": [
      0.02721762891775334,
      -0.0021005541573688585,
      0.022284341815597575
    ]
  },
  "492": {
    "geom_id": 119,
    "geom_name": "blue_cube_g0_vis",
    "body_id": 22,
    "body_name": "blue_cube_main",
    "initial_keypoint": [
      -0.03286367426159931,
      0.1039073822243826,
      0.8185786707482124
    ],
    "initial_pos": [
      -0.06035447308037864,
      0.10260152200584335,
      0.8315062996867829
    ],
    "initial_rot": [
      [
        -0.7325780805405198,
        -0.6806830069214065,
        0.0
      ],
      [
        0.6806830069214065,
        -0.7325780805405198,
        0.0
      ],
      [
        0.0,
        0.0,
        1.0
      ]
    ],
    "keypoint_offset": [
      0.027490798818779333,
      0.0013058602185392482,
      -0.012927628938570468
    ]
  }
}