{
  "312": {
    "geom_id": 75,
    "geom_name": "gripper0_right_wiping_surface_vis",
    "body_id": 14,
    "body_name": "gripper0_right_wiping_gripper",
    "initial_keypoint": [
      -0.09675370706125808,
      -0.061761256638233085,
      1.1037634817687458
    ],
    "initial_pos": [
      -0.11752864133326499,
      -0.011322023183027274,
      1.0978703448628433
    ],
    "initial_rot": [
      [
        0.06047875657166522,
        0.9865169670556497,
        0.15207430326936888
      ],
      [
        0.9981015470096439,
        -0.06154617637318951,
        0.002317332689192167
      ],
      [
        0.011645679907047277,
        0.1516454479539659,
        -0.9883663471882985
      ]
    ],
    "keypoint_offset": [
      0.020774934272006912,
      -0.05043923345520581,
      0.005893136905902541
    ]
  },
  "329": {
    "geom_id": 119,
    "geom_name": "light_cube_g0_vis",
    "body_id": 22,
    "body_name": "light_cube_main",
    "initial_keypoint": [
      0.14771662429399263,
      -0.06223250275072313,
      0.8521851477725676
    ],
    "initial_pos": [
      0.14590161538186655,
      -0.05267734521017799,
      0.8307710744273864
    ],
    "initial_rot": [
      [
        0.1259040536930744,
        -0.9920424231169005,
        0.0
      ],
      [
        0.9920424231169005,
        0.1259040536930744,
        0.0
      ],
      [
        0.0,
        0.0,
        1.0
      ]
    ],
    "keypoint_offset": [
      0.001815008912126076,
      -0.009555157540545145,
      0.021414073345181195
    ]
  },
  "330": {
    "geom_id": 119,
    "geom_name": "light_cube_g0_vis",
    "body_id": 22,
    "body_name": "light_cube_main",
    "initial_keypoint": [
      0.16442029653306334,
      -0.06185368627758053,
      0.840616606451589
    ],
    "initial_pos": [
      0.14590161538186655,
      -0.05267734521017799,
      0.8307710744273864
    ],
    "initial_rot": [
      [
        0.1259040536930744,
        -0.9920424231169005,
        0.0
      ],
      [
        0.9920424231169005,
        0.1259040536930744,
        0.0
      ],
      [
        0.0,
        0.0,
        1.0
      ]
    ],
    "keypoint_offset": [
      0.018518681151196786,
      -0.009176341067402546,
      0.009845532024202575
    ]
  },
  "336": {
    "geom_id": 75,
    "geom_name": "gripper0_right_wiping_surface_vis",
    "body_id": 14,
    "body_name": "gripper0_right_wiping_gripper",
    "initial_keypoint": [
      -0.0955384625324055,
      -0.041090322955884585,
      1.1042649241193225
    ],
    "initial_pos": [
      -0.11752864133326499,
      -0.011322023183027274,
      1.0978703448628433
    ],
    "initial_rot": [
      [
        0.06047875657166522,
        0.9865169670556497,
        0.15207430326936888
      ],
      [
        0.9981015470096439,
        -0.06154617637318951,
        0.002317332689192167
      ],
      [
        0.011645679907047277,
        0.1516454479539659,
        -0.9883663471882985
      ]
    ],
    "keypoint_offset": [
      0.02199017880085949,
      -0.02976829977285731,
      0.006394579256479238
    ]
  },
  "353": {
    "geom_id": 119,
    "geom_name": "light_cube_g0_vis",
    "body_id": 22,
    "body_name": "light_cube_main",
    "initial_keypoint": [
      0.14771662429399263,
      -0.041488335167148754,
      0.8521851477725676
    ],
    "initial_pos": [
      0.14590161538186655,
      -0.05267734521017799,
      0.8307710744273864
    ],
    "initial_rot": [
      [
        0.1259040536930744,
        -0.9920424231169005,
        0.0
      ],
      [
        0.9920424231169005,
        0.1259040536930744,
        0.0
      ],
      [
        0.0,
        0.0,
        1.0
      ]
    ],
    "keypoint_offset": [
      0.001815008912126076,
      0.011189010043029232,
      0.021414073345181195
    ]
  },
  "354": {
    "geom_id": 119,
    "geom_name": "light_cube_g0_vis",
    "body_id": 22,
    "body_name": "light_cube_main",
    "initial_keypoint": [
      0.16708243553993146,
      -0.040908669139139674,
      0.8446575224766242
    ],
    "initial_pos": [
      0.14590161538186655,
      -0.05267734521017799,
      0.8307710744273864
    ],
    "initial_rot": [
      [
        0.1259040536930744,
        -0.9920424231169005,
        0.0
      ],
      [
        0.9920424231169005,
        0.1259040536930744,
        0.0
      ],
      [
        0.0,
        0.0,
        1.0
      ]
    ],
    "keypoint_offset": [
      0.02118082015806491,
      0.011768676071038313,
      0.013886448049237776
    ]
  },
  "360": {
    "geom_id": 75,
    "geom_name": "gripper0_right_wiping_surface_vis",
    "body_id": 14,
    "body_name": "gripper0_right_wiping_gripper",
    "initial_keypoint": [
      -0.09433019565531109,
      -0.02050347812806629,
      1.1047634873044179
    ],
    "initial_pos": [
      -0.11752864133326499,
      -0.011322023183027274,
      1.0978703448628433
    ],
    "initial_rot": [
      [
        0.06047875657166522,
        0.9865169670556497,
        0.15207430326936888
      ],
      [
        0.9981015470096439,
        -0.06154617637318951,
        0.002317332689192167
      ],
      [
        0.011645679907047277,
        0.1516454479539659,
        -0.9883663471882985
      ]
    ],
    "keypoint_offset": [
      0.0231984456779539,
      -0.009181454945039014,
      0.0068931424415745735
    ]
  },
  "384": {
    "geom_id": 75,
    "geom_name": "gripper0_right_wiping_surface_vis",
    "body_id": 14,
    "body_name": "gripper0_right_wiping_gripper",
    "initial_keypoint": [
      -0.0931287871538764,
      0.0,
      1.1052592205405356
    ],
    "initial_pos": [
      -0.11752864133326499,
      -0.011322023183027274,
      1.0978703448628433
    ],
    "initial_rot": [
      [
        0.06047875657166522,
        0.9865169670556497,
        0.15207430326936888
      ],
      [
        0.9981015470096439,
        -0.06154617637318951,
        0.002317332689192167
      ],
      [
        0.011645679907047277,
        0.1516454479539659,
        -0.9883663471882985
      ]
    ],
    "keypoint_offset": [
      0.024399854179388586,
      0.011322023183027274,
      0.007388875677692308
    ]
  },
  "398": {
    "geom_id": 117,
    "geom_name": "dark_cube_g0_vis",
    "body_id": 21,
    "body_name": "dark_cube_main",
    "initial_keypoint": [
      0.0665063262807043,
      0.0,
      0.8535749729475504
    ],
    "initial_pos": [
      0.06735883356908692,
      0.010049408386136854,
      0.8314348404336477
    ],
    "initial_rot": [
      [
        0.4196496366234288,
        0.9076861695992863,
        0.0
      ],
      [
        -0.9076861695992863,
        0.4196496366234288,
        0.0
      ],
      [
        0.0,
        0.0,
        1.0
      ]
    ],
    "keypoint_offset": [
      -0.0008525072883826257,
      -0.010049408386136854,
      0.022140132513902677
    ]
  },
  "399": {
    "geom_id": 117,
    "geom_name": "dark_cube_g0_vis",
    "body_id": 21,
    "body_name": "dark_cube_main",
    "initial_keypoint": [
      0.09394771833697008,
      0.0,
      0.851519052300813
    ],
    "initial_pos": [
      0.06735883356908692,
      0.010049408386136854,
      0.8314348404336477
    ],
    "initial_rot": [
      [
        0.4196496366234288,
        0.9076861695992863,
        0.0
      ],
      [
        -0.9076861695992863,
        0.4196496366234288,
        0.0
      ],
      [
        0.0,
        0.0,
        1.0
      ]
    ],
    "keypoint_offset": [
      0.026588884767883153,
      -0.010049408386136854,
      0.020084211867165358
    ]
  },
  "400": {
    "geom_id": 117,
    "geom_name": "dark_cube_g0_vis",
    "body_id": 21,
    "body_name": "dark_cube_main",
    "initial_keypoint": [
      0.09391469940576164,
      0.0,
      0.8153213059371234
    ],
    "initial_pos": [
      0.06735883356908692,
      0.010049408386136854,
      0.8314348404336477
    ],
    "initial_rot": [
      [
        0.4196496366234288,
        0.9076861695992863,
        0.0
      ],
      [
        -0.9076861695992863,
        0.4196496366234288,
        0.0
      ],
      [
        0.0,
        0.0,
        1.0
      ]
    ],
    "keypoint_offset": [
      0.026555865836674714,
      -0.010049408386136854,
      -0.016113534496524307
    ]
  },
  "408": {
    "geom_id": 75,
    "geom_name": "gripper0_right_wiping_surface_vis",
    "body_id": 14,
    "body_name": "gripper0_right_wiping_gripper",
    "initial_keypoint": [
      -0.09192827322317987,
      0.020420615496464317,
      1.1057545846528736
    ],
    "initial_pos": [
      -0.11752864133326499,
      -0.011322023183027274,
      1.0978703448628433
    ],
    "initial_rot": [
      [
        0.06047875657166522,
        0.9865169670556497,
        0.15207430326936888
      ],
      [
        0.9981015470096439,
        -0.06154617637318951,
        0.002317332689192167
      ],
      [
        0.011645679907047277,
        0.1516454479539659,
        -0.9883663471882985
      ]
    ],
    "keypoint_offset": [
      0.02560036811008512,
      0.03174263867949159,
      0.007884239790030279
    ]
  },
  "422": {
    "geom_id": 117,
    "geom_name": "dark_cube_g0_vis",
    "body_id": 21,
    "body_name": "dark_cube_main",
    "initial_keypoint": [
      0.0665063262807043,
      0.022695137640505115,
      0.8535749729475504
    ],
    "initial_pos": [
      0.06735883356908692,
      0.010049408386136854,
      0.8314348404336477
    ],
    "initial_rot": [
      [
        0.4196496366234288,
        0.9076861695992863,
        0.0
      ],
      [
        -0.9076861695992863,
        0.4196496366234288,
        0.0
      ],
      [
        0.0,
        0.0,
        1.0
      ]
    ],
    "keypoint_offset": [
      -0.0008525072883826257,
      0.01264572925436826,
      0.022140132513902677
    ]
  },
  "423": {
    "geom_id": 117,
    "geom_name": "dark_cube_g0_vis",
    "body_id": 21,
    "body_name": "dark_cube_main",
    "initial_keypoint": [
      0.08345561159470821,
      0.02264495096955125,
      0.8386386535235344
    ],
    "initial_pos": [
      0.06735883356908692,
      0.010049408386136854,
      0.8314348404336477
    ],
    "initial_rot": [
      [
        0.4196496366234288,
        0.9076861695992863,
        0.0
      ],
      [
        -0.9076861695992863,
        0.4196496366234288,
        0.0
      ],
      [
        0.0,
        0.0,
        1.0
      ]
    ],
    "keypoint_offset": [
      0.01609677802562129,
      0.012595542583414394,
      0.0072038130898867125
    ]
  },
  "432": {
    "geom_id": 75,
    "geom_name": "gripper0_right_wiping_surface_vis",
    "body_id": 14,
    "body_name": "gripper0_right_wiping_gripper",
    "initial_keypoint": [
      -0.090734558030094,
      0.040758868314634655,
      1.106247143424486
    ],
    "initial_pos": [
      -0.11752864133326499,
      -0.011322023183027274,
      1.0978703448628433
    ],
    "initial_rot": [
      [
        0.06047875657166522,
        0.9865169670556497,
        0.15207430326936888
      ],
      [
        0.9981015470096439,
        -0.06154617637318951,
        0.002317332689192167
      ],
      [
        0.011645679907047277,
        0.1516454479539659,
        -0.9883663471882985
      ]
    ],
    "keypoint_offset": [
      0.026794083303170985,
      0.05208089149766193,
      0.008376798561642751
    ]
  }
}