{
  "278": {
    "geom_id": 117,
    "geom_name": "dark_cube_g0_vis",
    "body_id": 21,
    "body_name": "dark_cube_main",
    "initial_keypoint": [
      0.06563028988442193,
      -0.1137050083494742,
      0.8525717601717049
    ],
    "initial_pos": [
      0.06098393495305071,
      -0.09646325628431655,
      0.8309331950185277
    ],
    "initial_rot": [
      [
        0.9987465763409592,
        -0.05005273466267873,
        0.0
      ],
      [
        0.05005273466267873,
        0.9987465763409592,
        0.0
      ],
      [
        0.0,
        0.0,
        0.9999999999999999
      ]
    ],
    "keypoint_offset": [
      0.004646354931371222,
      -0.017241752065157642,
      0.02163856515317719
    ]
  },
  "279": {
    "geom_id": 117,
    "geom_name": "dark_cube_g0_vis",
    "body_id": 21,
    "body_name": "dark_cube_main",
    "initial_keypoint": [
      0.08191783954036347,
      -0.11364275078939286,
      0.8367508422597838
    ],
    "initial_pos": [
      0.06098393495305071,
      -0.09646325628431655,
      0.8309331950185277
    ],
    "initial_rot": [
      [
        0.9987465763409592,
        -0.05005273466267873,
        0.0
      ],
      [
        0.05005273466267873,
        0.9987465763409592,
        0.0
      ],
      [
        0.0,
        0.0,
        0.9999999999999999
      ]
    ],
    "keypoint_offset": [
      0.020933904587312757,
      -0.017179494505076304,
      0.0058176472412561075
    ]
  },
  "302": {
    "geom_id": 117,
    "geom_name": "dark_cube_g0_vis",
    "body_id": 21,
    "body_name": "dark_cube_main",
    "initial_keypoint": [
      0.06562867865652638,
      -0.09096434409662672,
      0.8525699150378536
    ],
    "initial_pos": [
      0.06098393495305071,
      -0.09646325628431655,
      0.8309331950185277
    ],
    "initial_rot": [
      [
        0.9987465763409592,
        -0.05005273466267873,
        0.0
      ],
      [
        0.05005273466267873,
        0.9987465763409592,
        0.0
      ],
      [
        0.0,
        0.0,
        0.9999999999999999
      ]
    ],
    "keypoint_offset": [
      0.004644743703475673,
      0.005498912187689831,
      0.021636720019325928
    ]
  },
  "303": {
    "geom_id": 117,
    "geom_name": "dark_cube_g0_vis",
    "body_id": 21,
    "body_name": "dark_cube_main",
    "initial_keypoint": [
      0.08079046298123965,
      -0.09115935469063693,
      0.8353668437921375
    ],
    "initial_pos": [
      0.06098393495305071,
      -0.09646325628431655,
      0.8309331950185277
    ],
    "initial_rot": [
      [
        0.9987465763409592,
        -0.05005273466267873,
        0.0
      ],
      [
        0.05005273466267873,
        0.9987465763409592,
        0.0
      ],
      [
        0.0,
        0.0,
        0.9999999999999999
      ]
    ],
    "keypoint_offset": [
      0.01980652802818894,
      0.005303901593679619,
      0.004433648773609855
    ]
  },
  "312": {
    "geom_id": 75,
    "geom_name": "gripper0_right_wiping_surface_vis",
    "body_id": 14,
    "body_name": "gripper0_right_wiping_gripper",
    "initial_keypoint": [
      -0.09183386619127276,
      -0.06125207579696645,
      1.1057935395157565
    ],
    "initial_pos": [
      -0.11351257133816128,
      -0.0018728665868899706,
      1.0965664008323903
    ],
    "initial_rot": [
      [
        0.030157221265796286,
        0.9917504509573283,
        0.124585653393394
      ],
      [
        0.9995315367781821,
        -0.030572575427745885,
        0.0014228905640766565
      ],
      [
        0.0052200566441704885,
        0.12448437917123537,
        -0.9922078362676748
      ]
    ],
    "keypoint_offset": [
      0.02167870514688852,
      -0.05937920921007648,
      0.00922713868336622
    ]
  },
  "313": {
    "geom_id": 75,
    "geom_name": "gripper0_right_wiping_surface_vis",
    "body_id": 14,
    "body_name": "gripper0_right_wiping_gripper",
    "initial_keypoint": [
      -0.08939466437609134,
      -0.06252274724893178,
      1.0859707769888467
    ],
    "initial_pos": [
      -0.11351257133816128,
      -0.0018728665868899706,
      1.0965664008323903
    ],
    "initial_rot": [
      [
        0.030157221265796286,
        0.9917504509573283,
        0.124585653393394
      ],
      [
        0.9995315367781821,
        -0.030572575427745885,
        0.0014228905640766565
      ],
      [
        0.0052200566441704885,
        0.12448437917123537,
        -0.9922078362676748
      ]
    ],
    "keypoint_offset": [
      0.024117906962069946,
      -0.060649880662041813,
      -0.010595623843543622
    ]
  },
  "336": {
    "geom_id": 75,
    "geom_name": "gripper0_right_wiping_surface_vis",
    "body_id": 14,
    "body_name": "gripper0_right_wiping_gripper",
    "initial_keypoint": [
      -0.09123265501713695,
      -0.04079323547536164,
      1.1060416153039572
    ],
    "initial_pos": [
      -0.11351257133816128,
      -0.0018728665868899706,
      1.0965664008323903
    ],
    "initial_rot": [
      [
        0.030157221265796286,
        0.9917504509573283,
        0.124585653393394
      ],
      [
        0.9995315367781821,
        -0.030572575427745885,
        0.0014228905640766565
      ],
      [
        0.0052200566441704885,
        0.12448437917123537,
        -0.9922078362676748
      ]
    ],
    "keypoint_offset": [
      0.02227991632102433,
      -0.038920368888471675,
      0.00947521447156685
    ]
  },
  "337": {
    "geom_id": 75,
    "geom_name": "gripper0_right_wiping_surface_vis",
    "body_id": 14,
    "body_name": "gripper0_right_wiping_gripper",
    "initial_keypoint": [
      -0.08878558164181516,
      -0.04163875733280197,
      1.0862436258129033
    ],
    "initial_pos": [
      -0.11351257133816128,
      -0.0018728665868899706,
      1.0965664008323903
    ],
    "initial_rot": [
      [
        0.030157221265796286,
        0.9917504509573283,
        0.124585653393394
      ],
      [
        0.9995315367781821,
        -0.030572575427745885,
        0.0014228905640766565
      ],
      [
        0.0052200566441704885,
        0.12448437917123537,
        -0.9922078362676748
      ]
    ],
    "keypoint_offset": [
      0.024726989696346124,
      -0.039765890745912004,
      -0.010322775019486974
    ]
  },
  "360": {
    "geom_id": 75,
    "geom_name": "gripper0_right_wiping_surface_vis",
    "body_id": 14,
    "body_name": "gripper0_right_wiping_gripper",
    "initial_keypoint": [
      -0.09063466429765898,
      -0.020375987977107934,
      1.106288362246551
    ],
    "initial_pos": [
      -0.11351257133816128,
      -0.0018728665868899706,
      1.0965664008323903
    ],
    "initial_rot": [
      [
        0.030157221265796286,
        0.9917504509573283,
        0.124585653393394
      ],
      [
        0.9995315367781821,
        -0.030572575427745885,
        0.0014228905640766565
      ],
      [
        0.0052200566441704885,
        0.12448437917123537,
        -0.9922078362676748
      ]
    ],
    "keypoint_offset": [
      0.0228779070405023,
      -0.018503121390217963,
      0.009721961414160596
    ]
  },
  "361": {
    "geom_id": 75,
    "geom_name": "gripper0_right_wiping_surface_vis",
    "body_id": 14,
    "body_name": "gripper0_right_wiping_gripper",
    "initial_keypoint": [
      -0.08817568431465783,
      -0.02079781277926376,
      1.086516839547501
    ],
    "initial_pos": [
      -0.11351257133816128,
      -0.0018728665868899706,
      1.0965664008323903
    ],
    "initial_rot": [
      [
        0.030157221265796286,
        0.9917504509573283,
        0.124585653393394
      ],
      [
        0.9995315367781821,
        -0.030572575427745885,
        0.0014228905640766565
      ],
      [
        0.0052200566441704885,
        0.12448437917123537,
        -0.9922078362676748
      ]
    ],
    "keypoint_offset": [
      0.02533688702350345,
      -0.01892494619237379,
      -0.01004956128488943
    ]
  },
  "384": {
    "geom_id": 75,
    "geom_name": "gripper0_right_wiping_surface_vis",
    "body_id": 14,
    "body_name": "gripper0_right_wiping_gripper",
    "initial_keypoint": [
      -0.09003786633916522,
      0.0,
      1.106534617024105
    ],
    "initial_pos": [
      -0.11351257133816128,
      -0.0018728665868899706,
      1.0965664008323903
    ],
    "initial_rot": [
      [
        0.030157221265796286,
        0.9917504509573283,
        0.124585653393394
      ],
      [
        0.9995315367781821,
        -0.030572575427745885,
        0.0014228905640766565
      ],
      [
        0.0052200566441704885,
        0.12448437917123537,
        -0.9922078362676748
      ]
    ],
    "keypoint_offset": [
      0.023474704998996065,
      0.0018728665868899706,
      0.00996821619171473
    ]
  },
  "385": {
    "geom_id": 75,
    "geom_name": "gripper0_right_wiping_surface_vis",
    "body_id": 14,
    "body_name": "gripper0_right_wiping_gripper",
    "initial_keypoint": [
      -0.08756910354423086,
      0.0,
      1.086788567574898
    ],
    "initial_pos": [
      -0.11351257133816128,
      -0.0018728665868899706,
      1.0965664008323903
    ],
    "initial_rot": [
      [
        0.030157221265796286,
        0.9917504509573283,
        0.124585653393394
      ],
      [
        0.9995315367781821,
        -0.030572575427745885,
        0.0014228905640766565
      ],
      [
        0.0052200566441704885,
        0.12448437917123537,
        -0.9922078362676748
      ]
    ],
    "keypoint_offset": [
      0.02594346779393042,
      0.0018728665868899706,
      -0.009777833257492263
    ]
  },
  "408": {
    "geom_id": 75,
    "geom_name": "gripper0_right_wiping_surface_vis",
    "body_id": 14,
    "body_name": "gripper0_right_wiping_gripper",
    "initial_keypoint": [
      -0.0894403527240808,
      0.020334786063750738,
      1.106781167100683
    ],
    "initial_pos": [
      -0.11351257133816128,
      -0.0018728665868899706,
      1.0965664008323903
    ],
    "initial_rot": [
      [
        0.030157221265796286,
        0.9917504509573283,
        0.124585653393394
      ],
      [
        0.9995315367781821,
        -0.030572575427745885,
        0.0014228905640766565
      ],
      [
        0.0052200566441704885,
        0.12448437917123537,
        -0.9922078362676748
      ]
    ],
    "keypoint_offset": [
      0.024072218614080487,
      0.02220765265064071,
      0.010214766268292763
    ]
  },
  "409": {
    "geom_id": 75,
    "geom_name": "gripper0_right_wiping_surface_vis",
    "body_id": 14,
    "body_name": "gripper0_right_wiping_gripper",
    "initial_keypoint": [
      -0.08696176636612862,
      0.020754888804512376,
      1.087060634447797
    ],
    "initial_pos": [
      -0.11351257133816128,
      -0.0018728665868899706,
      1.0965664008323903
    ],
    "initial_rot": [
      [
        0.030157221265796286,
        0.9917504509573283,
        0.124585653393394
      ],
      [
        0.9995315367781821,
        -0.030572575427745885,
        0.0014228905640766565
      ],
      [
        0.0052200566441704885,
        0.12448437917123537,
        -0.9922078362676748
      ]
    ],
    "keypoint_offset": [
      0.02655080497203266,
      0.022627755391402347,
      -0.009505766384593217
    ]
  },
  "432": {
    "geom_id": 75,
    "geom_name": "gripper0_right_wiping_surface_vis",
    "body_id": 14,
    "body_name": "gripper0_right_wiping_gripper",
    "initial_keypoint": [
      -0.08884397223193152,
      0.04062842370709081,
      1.1070272496204734
    ],
    "initial_pos": [
      -0.11351257133816128,
      -0.0018728665868899706,
      1.0965664008323903
    ],
    "initial_rot": [
      [
        0.030157221265796286,
        0.9917504509573283,
        0.124585653393394
      ],
      [
        0.9995315367781821,
        -0.030572575427745885,
        0.0014228905640766565
      ],
      [
        0.0052200566441704885,
        0.12448437917123537,
        -0.9922078362676748
      ]
    ],
    "keypoint_offset": [
      0.02466859910622976,
      0.04250129029398078,
      0.010460848788083066
    ]
  },
  "433": {
    "geom_id": 75,
    "geom_name": "gripper0_right_wiping_surface_vis",
    "body_id": 14,
    "body_name": "gripper0_right_wiping_gripper",
    "initial_keypoint": [
      -0.08635768755955087,
      0.0414670573189544,
      1.0873312416785343
    ],
    "initial_pos": [
      -0.11351257133816128,
      -0.0018728665868899706,
      1.0965664008323903
    ],
    "initial_rot": [
      [
        0.030157221265796286,
        0.9917504509573283,
        0.124585653393394
      ],
      [
        0.9995315367781821,
        -0.030572575427745885,
        0.0014228905640766565
      ],
      [
        0.0052200566441704885,
        0.12448437917123537,
        -0.9922078362676748
      ]
    ],
    "keypoint_offset": [
      0.027154883778610417,
      0.04333992390584437,
      -0.009235159153855976
    ]
  },
  "471": {
    "geom_id": 119,
    "geom_name": "blue_cube_g0_vis",
    "body_id": 22,
    "body_name": "blue_cube_main",
    "initial_keypoint": [
      0.09410375491266126,
      0.06619823114590521,
      0.8517106070922495
    ],
    "initial_pos": [
      0.11557782003220587,
      0.07712697436388505,
      0.8305135416560679
    ],
    "initial_rot": [
      [
        -0.9064407288407869,
        -0.42233304997191834,
        0.0
      ],
      [
        0.42233304997191834,
        -0.9064407288407869,
        0.0
      ],
      [
        0.0,
        0.0,
        0.9999999999999999
      ]
    ],
    "keypoint_offset": [
      -0.02147406511954461,
      -0.010928743217979833,
      0.021197065436181606
    ]
  },
  "472": {
    "geom_id": 119,
    "geom_name": "blue_cube_g0_vis",
    "body_id": 22,
    "body_name": "blue_cube_main",
    "initial_keypoint": [
      0.12153639353681495,
      0.06418832009157825,
      0.8516898504872074
    ],
    "initial_pos": [
      0.11557782003220587,
      0.07712697436388505,
      0.8305135416560679
    ],
    "initial_rot": [
      [
        -0.9064407288407869,
        -0.42233304997191834,
        0.0
      ],
      [
        0.42233304997191834,
        -0.9064407288407869,
        0.0
      ],
      [
        0.0,
        0.0,
        0.9999999999999999
      ]
    ],
    "keypoint_offset": [
      0.0059585735046090715,
      -0.012938654272306796,
      0.021176308831139412
    ]
  },
  "473": {
    "geom_id": 119,
    "geom_name": "blue_cube_g0_vis",
    "body_id": 22,
    "body_name": "blue_cube_main",
    "initial_keypoint": [
      0.13198945671492157,
      0.06501078031679942,
      0.8299609437815593
    ],
    "initial_pos": [
      0.11557782003220587,
      0.07712697436388505,
      0.8305135416560679
    ],
    "initial_rot": [
      [
        -0.9064407288407869,
        -0.42233304997191834,
        0.0
      ],
      [
        0.42233304997191834,
        -0.9064407288407869,
        0.0
      ],
      [
        0.0,
        0.0,
        0.9999999999999999
      ]
    ],
    "keypoint_offset": [
      0.016411636682715697,
      -0.012116194047085624,
      -0.0005525978745086757
    ]
  },
  "490": {
    "geom_id": 121,
    "geom_name": "green_cube_g0_vis",
    "body_id": 23,
    "body_name": "green_cube_main",
    "initial_keypoint": [
      -0.07055412463299437,
      0.10409045154678964,
      0.8544937581284581
    ],
    "initial_pos": [
      -0.06279406614813704,
      0.11515441441499444,
      0.8318440776040529
    ],
    "initial_rot": [
      [
        0.8771788306483754,
        -0.4801638252329601,
        0.0
      ],
      [
        0.4801638252329601,
        0.8771788306483754,
        0.0
      ],
      [
        0.0,
        0.0,
        1.0
      ]
    ],
    "keypoint_offset": [
      -0.007760058484857335,
      -0.011063962868204796,
      0.02264968052440519
    ]
  },
  "491": {
    "geom_id": 121,
    "geom_name": "green_cube_g0_vis",
    "body_id": 23,
    "body_name": "green_cube_main",
    "initial_keypoint": [
      -0.04226154599695342,
      0.10222105411848101,
      0.8452979580698452
    ],
    "initial_pos": [
      -0.06279406614813704,
      0.11515441441499444,
      0.8318440776040529
    ],
    "initial_rot": [
      [
        0.8771788306483754,
        -0.4801638252329601,
        0.0
      ],
      [
        0.4801638252329601,
        0.8771788306483754,
        0.0
      ],
      [
        0.0,
        0.0,
        1.0
      ]
    ],
    "keypoint_offset": [
      0.02053252015118362,
      -0.01293336029651343,
      0.013453880465792323
    ]
  },
  "492": {
    "geom_id": 121,
    "geom_name": "green_cube_g0_vis",
    "body_id": 23,
    "body_name": "green_cube_main",
    "initial_keypoint": [
      -0.03751551783870699,
      0.10481448269296749,
      0.8139394186906509
    ],
    "initial_pos": [
      -0.06279406614813704,
      0.11515441441499444,
      0.8318440776040529
    ],
    "initial_rot": [
      [
        0.8771788306483754,
        -0.4801638252329601,
        0.0
      ],
      [
        0.4801638252329601,
        0.8771788306483754,
        0.0
      ],
      [
        0.0,
        0.0,
        1.0
      ]
    ],
    "keypoint_offset": [
      0.02527854830943005,
      -0.010339931722026949,
      -0.017904658913401983
    ]
  },
  "496": {
    "geom_id": 119,
    "geom_name": "blue_cube_g0_vis",
    "body_id": 22,
    "body_name": "blue_cube_main",
    "initial_keypoint": [
      0.1215350834048523,
      0.08558472305739795,
      0.8516881254810429
    ],
    "initial_pos": [
      0.11557782003220587,
      0.07712697436388505,
      0.8305135416560679
    ],
    "initial_rot": [
      [
        -0.9064407288407869,
        -0.42233304997191834,
        0.0
      ],
      [
        0.42233304997191834,
        -0.9064407288407869,
        0.0
      ],
      [
        0.0,
        0.0,
        0.9999999999999999
      ]
    ],
    "keypoint_offset": [
      0.005957263372646432,
      0.008457748693512901,
      0.021174583824974946
    ]
  },
  "497": {
    "geom_id": 119,
    "geom_name": "blue_cube_g0_vis",
    "body_id": 22,
    "body_name": "blue_cube_main",
    "initial_keypoint": [
      0.14109823939846322,
      0.0845355617821873,
      0.8428326476946139
    ],
    "initial_pos": [
      0.11557782003220587,
      0.07712697436388505,
      0.8305135416560679
    ],
    "initial_rot": [
      [
        -0.9064407288407869,
        -0.42233304997191834,
        0.0
      ],
      [
        0.42233304997191834,
        -0.9064407288407869,
        0.0
      ],
      [
        0.0,
        0.0,
        0.9999999999999999
      ]
    ],
    "keypoint_offset": [
      0.025520419366257346,
      0.007408587418302248,
      0.012319106038545913
    ]
  },
  "514": {
    "geom_id": 121,
    "geom_name": "green_cube_g0_vis",
    "body_id": 23,
    "body_name": "green_cube_main",
    "initial_keypoint": [
      -0.07055412463299437,
      0.13011306443348705,
      0.8544937581284581
    ],
    "initial_pos": [
      -0.06279406614813704,
      0.11515441441499444,
      0.8318440776040529
    ],
    "initial_rot": [
      [
        0.8771788306483754,
        -0.4801638252329601,
        0.0
      ],
      [
        0.4801638252329601,
        0.8771788306483754,
        0.0
      ],
      [
        0.0,
        0.0,
        1.0
      ]
    ],
    "keypoint_offset": [
      -0.007760058484857335,
      0.014958650018492614,
      0.02264968052440519
    ]
  },
  "515": {
    "geom_id": 121,
    "geom_name": "green_cube_g0_vis",
    "body_id": 23,
    "body_name": "green_cube_main",
    "initial_keypoint": [
      -0.047025765826044896,
      0.12889893914085004,
      0.840863729801776
    ],
    "initial_pos": [
      -0.06279406614813704,
      0.11515441441499444,
      0.8318440776040529
    ],
    "initial_rot": [
      [
        0.8771788306483754,
        -0.4801638252329601,
        0.0
      ],
      [
        0.4801638252329601,
        0.8771788306483754,
        0.0
      ],
      [
        0.0,
        0.0,
        1.0
      ]
    ],
    "keypoint_offset": [
      0.015768300322092144,
      0.013744524725855606,
      0.00901965219772316
    ]
  }
}