{
  "254": {
    "geom_id": 117,
    "geom_name": "dark_cube_g0_vis",
    "body_id": 21,
    "body_name": "dark_cube_main",
    "initial_keypoint": [
      0.06552418463276377,
      -0.13647934023990166,
      0.8524502513571174
    ],
    "initial_pos": [
      0.06460986519158252,
      -0.12189789265771558,
      0.8308725571671747
    ],
    "initial_rot": [
      [
        -0.562666296005872,
        -0.8266841230718249,
        0.0
      ],
      [
        0.8266841230718249,
        -0.562666296005872,
        0.0
      ],
      [
        0.0,
        0.0,
        0.9999999999999999
      ]
    ],
    "keypoint_offset": [
      0.000914319441181255,
      -0.014581447582186075,
      0.02157769418994271
    ]
  },
  "255": {
    "geom_id": 117,
    "geom_name": "dark_cube_g0_vis",
    "body_id": 21,
    "body_name": "dark_cube_main",
    "initial_keypoint": [
      0.07621635465046739,
      -0.13823102849678356,
      0.8297515426140142
    ],
    "initial_pos": [
      0.06460986519158252,
      -0.12189789265771558,
      0.8308725571671747
    ],
    "initial_rot": [
      [
        -0.562666296005872,
        -0.8266841230718249,
        0.0
      ],
      [
        0.8266841230718249,
        -0.562666296005872,
        0.0
      ],
      [
        0.0,
        0.0,
        0.9999999999999999
      ]
    ],
    "keypoint_offset": [
      0.011606489458884872,
      -0.01633313583906798,
      -0.0011210145531604931
    ]
  },
  "278": {
    "geom_id": 117,
    "geom_name": "dark_cube_g0_vis",
    "body_id": 21,
    "body_name": "dark_cube_main",
    "initial_keypoint": [
      0.06552579586065937,
      -0.11373236176194218,
      0.8524520964909685
    ],
    "initial_pos": [
      0.06460986519158252,
      -0.12189789265771558,
      0.8308725571671747
    ],
    "initial_rot": [
      [
        -0.562666296005872,
        -0.8266841230718249,
        0.0
      ],
      [
        0.8266841230718249,
        -0.562666296005872,
        0.0
      ],
      [
        0.0,
        0.0,
        0.9999999999999999
      ]
    ],
    "keypoint_offset": [
      0.0009159306690768587,
      0.008165530895773404,
      0.02157953932379386
    ]
  },
  "279": {
    "geom_id": 117,
    "geom_name": "dark_cube_g0_vis",
    "body_id": 21,
    "body_name": "dark_cube_main",
    "initial_keypoint": [
      0.08403052103475822,
      -0.11306848343414165,
      0.8393444281625626
    ],
    "initial_pos": [
      0.06460986519158252,
      -0.12189789265771558,
      0.8308725571671747
    ],
    "initial_rot": [
      [
        -0.562666296005872,
        -0.8266841230718249,
        0.0
      ],
      [
        0.8266841230718249,
        -0.562666296005872,
        0.0
      ],
      [
        0.0,
        0.0,
        0.9999999999999999
      ]
    ],
    "keypoint_offset": [
      0.019420655843175705,
      0.008829409223573934,
      0.008471870995387931
    ]
  },
  "336": {
    "geom_id": 75,
    "geom_name": "gripper0_right_wiping_surface_vis",
    "body_id": 14,
    "body_name": "gripper0_right_wiping_gripper",
    "initial_keypoint": [
      -0.07936229770139791,
      -0.039974217315507814,
      1.1109396417778648
    ],
    "initial_pos": [
      -0.10315645932332812,
      0.0031746289541452507,
      1.1070723996851428
    ],
    "initial_rot": [
      [
        0.00839143308432147,
        0.9872749294656266,
        0.15880112562394155
      ],
      [
        0.9999547780238233,
        -0.008995547689001487,
        0.003085778523948285
      ],
      [
        0.004475014873194891,
        0.1587680502192252,
        -0.9873057684787767
      ]
    ],
    "keypoint_offset": [
      0.02379416162193021,
      -0.04314884626965306,
      0.003867242092721934
    ]
  },
  "349": {
    "geom_id": 121,
    "geom_name": "light_cube_g0_vis",
    "body_id": 23,
    "body_name": "light_cube_main",
    "initial_keypoint": [
      0.03281656456134696,
      -0.04717386179339447,
      0.8507692844023198
    ],
    "initial_pos": [
      0.035078927808591176,
      -0.03537483387241608,
      0.8300202529714288
    ],
    "initial_rot": [
      [
        0.8157879948696695,
        -0.5783510589827981,
        0.0
      ],
      [
        0.5783510589827981,
        0.8157879948696695,
        0.0
      ],
      [
        0.0,
        0.0,
        0.9999999999999999
      ]
    ],
    "keypoint_offset": [
      -0.0022623632472442146,
      -0.011799027920978394,
      0.02074903143089102
    ]
  },
  "350": {
    "geom_id": 121,
    "geom_name": "light_cube_g0_vis",
    "body_id": 23,
    "body_name": "light_cube_main",
    "initial_keypoint": [
      0.057325196047693816,
      -0.04635161348253841,
      0.8430609952343586
    ],
    "initial_pos": [
      0.035078927808591176,
      -0.03537483387241608,
      0.8300202529714288
    ],
    "initial_rot": [
      [
        0.8157879948696695,
        -0.5783510589827981,
        0.0
      ],
      [
        0.5783510589827981,
        0.8157879948696695,
        0.0
      ],
      [
        0.0,
        0.0,
        0.9999999999999999
      ]
    ],
    "keypoint_offset": [
      0.02224626823910264,
      -0.010976779610122334,
      0.013040742262929839
    ]
  },
  "360": {
    "geom_id": 75,
    "geom_name": "gripper0_right_wiping_surface_vis",
    "body_id": 14,
    "body_name": "gripper0_right_wiping_gripper",
    "initial_keypoint": [
      -0.07919274672747989,
      -0.01998125940979253,
      1.111009603038241
    ],
    "initial_pos": [
      -0.10315645932332812,
      0.0031746289541452507,
      1.1070723996851428
    ],
    "initial_rot": [
      [
        0.00839143308432147,
        0.9872749294656266,
        0.15880112562394155
      ],
      [
        0.9999547780238233,
        -0.008995547689001487,
        0.003085778523948285
      ],
      [
        0.004475014873194891,
        0.1587680502192252,
        -0.9873057684787767
      ]
    ],
    "keypoint_offset": [
      0.02396371259584823,
      -0.023155888363937782,
      0.0039372033530982176
    ]
  },
  "373": {
    "geom_id": 121,
    "geom_name": "light_cube_g0_vis",
    "body_id": 23,
    "body_name": "light_cube_main",
    "initial_keypoint": [
      0.032818357609076976,
      -0.02358684037017233,
      0.8507712004473535
    ],
    "initial_pos": [
      0.035078927808591176,
      -0.03537483387241608,
      0.8300202529714288
    ],
    "initial_rot": [
      [
        0.8157879948696695,
        -0.5783510589827981,
        0.0
      ],
      [
        0.5783510589827981,
        0.8157879948696695,
        0.0
      ],
      [
        0.0,
        0.0,
        0.9999999999999999
      ]
    ],
    "keypoint_offset": [
      -0.0022605701995142002,
      0.011787993502243747,
      0.020750947475924764
    ]
  },
  "374": {
    "geom_id": 121,
    "geom_name": "light_cube_g0_vis",
    "body_id": 23,
    "body_name": "light_cube_main",
    "initial_keypoint": [
      0.05194923592859113,
      -0.023457259879457116,
      0.8369045936318601
    ],
    "initial_pos": [
      0.035078927808591176,
      -0.03537483387241608,
      0.8300202529714288
    ],
    "initial_rot": [
      [
        0.8157879948696695,
        -0.5783510589827981,
        0.0
      ],
      [
        0.5783510589827981,
        0.8157879948696695,
        0.0
      ],
      [
        0.0,
        0.0,
        0.9999999999999999
      ]
    ],
    "keypoint_offset": [
      0.016870308119999955,
      0.011917573992958962,
      0.0068843406604313095
    ]
  },
  "384": {
    "geom_id": 75,
    "geom_name": "gripper0_right_wiping_surface_vis",
    "body_id": 14,
    "body_name": "gripper0_right_wiping_gripper",
    "initial_keypoint": [
      -0.07902140661208534,
      0.0,
      1.1110803025461768
    ],
    "initial_pos": [
      -0.10315645932332812,
      0.0031746289541452507,
      1.1070723996851428
    ],
    "initial_rot": [
      [
        0.00839143308432147,
        0.9872749294656266,
        0.15880112562394155
      ],
      [
        0.9999547780238233,
        -0.008995547689001487,
        0.003085778523948285
      ],
      [
        0.004475014873194891,
        0.1587680502192252,
        -0.9873057684787767
      ]
    ],
    "keypoint_offset": [
      0.024135052711242777,
      -0.0031746289541452507,
      0.0040079028610340295
    ]
  },
  "393": {
    "geom_id": 119,
    "geom_name": "green_cube_g0_vis",
    "body_id": 22,
    "body_name": "green_cube_main",
    "initial_keypoint": [
      -0.11458166061081942,
      0.0,
      0.852139487461175
    ],
    "initial_pos": [
      -0.11816603757124514,
      0.009692371106434033,
      0.8306506226108585
    ],
    "initial_rot": [
      [
        0.5756890332812388,
        0.8176687207908302,
        0.0
      ],
      [
        -0.8176687207908302,
        0.5756890332812388,
        0.0
      ],
      [
        0.0,
        0.0,
        1.0
      ]
    ],
    "keypoint_offset": [
      0.0035843769604257114,
      -0.009692371106434033,
      0.021488864850316425
    ]
  },
  "394": {
    "geom_id": 119,
    "geom_name": "green_cube_g0_vis",
    "body_id": 22,
    "body_name": "green_cube_main",
    "initial_keypoint": [
      -0.0960798965030103,
      0.0,
      0.8323255207183478
    ],
    "initial_pos": [
      -0.11816603757124514,
      0.009692371106434033,
      0.8306506226108585
    ],
    "initial_rot": [
      [
        0.5756890332812388,
        0.8176687207908302,
        0.0
      ],
      [
        -0.8176687207908302,
        0.5756890332812388,
        0.0
      ],
      [
        0.0,
        0.0,
        1.0
      ]
    ],
    "keypoint_offset": [
      0.022086141068234838,
      -0.009692371106434033,
      0.00167489810748922
    ]
  },
  "408": {
    "geom_id": 75,
    "geom_name": "gripper0_right_wiping_surface_vis",
    "body_id": 14,
    "body_name": "gripper0_right_wiping_gripper",
    "initial_keypoint": [
      -0.07885012613474007,
      0.01996943952602957,
      1.1111509774458606
    ],
    "initial_pos": [
      -0.10315645932332812,
      0.0031746289541452507,
      1.1070723996851428
    ],
    "initial_rot": [
      [
        0.00839143308432147,
        0.9872749294656266,
        0.15880112562394155
      ],
      [
        0.9999547780238233,
        -0.008995547689001487,
        0.003085778523948285
      ],
      [
        0.004475014873194891,
        0.1587680502192252,
        -0.9873057684787767
      ]
    ],
    "keypoint_offset": [
      0.024306333188588047,
      0.016794810571884318,
      0.004078577760717739
    ]
  },
  "417": {
    "geom_id": 119,
    "geom_name": "green_cube_g0_vis",
    "body_id": 22,
    "body_name": "green_cube_main",
    "initial_keypoint": [
      -0.11457895998822931,
      0.02715594737070012,
      0.8521416751824056
    ],
    "initial_pos": [
      -0.11816603757124514,
      0.009692371106434033,
      0.8306506226108585
    ],
    "initial_rot": [
      [
        0.5756890332812388,
        0.8176687207908302,
        0.0
      ],
      [
        -0.8176687207908302,
        0.5756890332812388,
        0.0
      ],
      [
        0.0,
        0.0,
        1.0
      ]
    ],
    "keypoint_offset": [
      0.003587077583015824,
      0.017463576264266086,
      0.021491052571547042
    ]
  },
  "418": {
    "geom_id": 119,
    "geom_name": "green_cube_g0_vis",
    "body_id": 22,
    "body_name": "green_cube_main",
    "initial_keypoint": [
      -0.10649760121707474,
      0.027661972128121264,
      0.8232781096333539
    ],
    "initial_pos": [
      -0.11816603757124514,
      0.009692371106434033,
      0.8306506226108585
    ],
    "initial_rot": [
      [
        0.5756890332812388,
        0.8176687207908302,
        0.0
      ],
      [
        -0.8176687207908302,
        0.5756890332812388,
        0.0
      ],
      [
        0.0,
        0.0,
        1.0
      ]
    ],
    "keypoint_offset": [
      0.011668436354170392,
      0.01796960102168723,
      -0.0073725129775046305
    ]
  },
  "422": {
    "geom_id": 123,
    "geom_name": "blue_cube_g0_vis",
    "body_id": 24,
    "body_name": "blue_cube_main",
    "initial_keypoint": [
      0.06682472063216138,
      0.022678468415396755,
      0.853939589397842
    ],
    "initial_pos": [
      0.07123298758120233,
      0.037978102228479776,
      0.831617875207806
    ],
    "initial_rot": [
      [
        -0.2728342581226982,
        -0.9620610519060819,
        0.0
      ],
      [
        0.9620610519060819,
        -0.2728342581226982,
        0.0
      ],
      [
        0.0,
        0.0,
        1.0
      ]
    ],
    "keypoint_offset": [
      -0.004408266949040951,
      -0.015299633813083021,
      0.022321714190036035
    ]
  },
  "423": {
    "geom_id": 123,
    "geom_name": "blue_cube_g0_vis",
    "body_id": 24,
    "body_name": "blue_cube_main",
    "initial_keypoint": [
      0.09248802133856782,
      0.02215391452426469,
      0.8497270881228577
    ],
    "initial_pos": [
      0.07123298758120233,
      0.037978102228479776,
      0.831617875207806
    ],
    "initial_rot": [
      [
        -0.2728342581226982,
        -0.9620610519060819,
        0.0
      ],
      [
        0.9620610519060819,
        -0.2728342581226982,
        0.0
      ],
      [
        0.0,
        0.0,
        1.0
      ]
    ],
    "keypoint_offset": [
      0.021255033757365482,
      -0.015824187704215086,
      0.018109212915051742
    ]
  },
  "424": {
    "geom_id": 123,
    "geom_name": "blue_cube_g0_vis",
    "body_id": 24,
    "body_name": "blue_cube_main",
    "initial_keypoint": [
      0.09511285147814791,
      0.02288993837757123,
      0.8168988719913852
    ],
    "initial_pos": [
      0.07123298758120233,
      0.037978102228479776,
      0.831617875207806
    ],
    "initial_rot": [
      [
        -0.2728342581226982,
        -0.9620610519060819,
        0.0
      ],
      [
        0.9620610519060819,
        -0.2728342581226982,
        0.0
      ],
      [
        0.0,
        0.0,
        1.0
      ]
    ],
    "keypoint_offset": [
      0.023879863896945575,
      -0.015088163850908547,
      -0.014719003216420723
    ]
  },
  "432": {
    "geom_id": 75,
    "geom_name": "gripper0_right_wiping_surface_vis",
    "body_id": 14,
    "body_name": "gripper0_right_wiping_gripper",
    "initial_keypoint": [
      -0.07868087335106821,
      0.0399272011303466,
      1.1112208156649772
    ],
    "initial_pos": [
      -0.10315645932332812,
      0.0031746289541452507,
      1.1070723996851428
    ],
    "initial_rot": [
      [
        0.00839143308432147,
        0.9872749294656266,
        0.15880112562394155
      ],
      [
        0.9999547780238233,
        -0.008995547689001487,
        0.003085778523948285
      ],
      [
        0.004475014873194891,
        0.1587680502192252,
        -0.9873057684787767
      ]
    ],
    "keypoint_offset": [
      0.024475585972259906,
      0.03675257217620135,
      0.004148415979834397
    ]
  },
  "446": {
    "geom_id": 123,
    "geom_name": "blue_cube_g0_vis",
    "body_id": 24,
    "body_name": "blue_cube_main",
    "initial_keypoint": [
      0.06682314870250716,
      0.04535710142447515,
      0.8539377892672555
    ],
    "initial_pos": [
      0.07123298758120233,
      0.037978102228479776,
      0.831617875207806
    ],
    "initial_rot": [
      [
        -0.2728342581226982,
        -0.9620610519060819,
        0.0
      ],
      [
        0.9620610519060819,
        -0.2728342581226982,
        0.0
      ],
      [
        0.0,
        0.0,
        1.0
      ]
    ],
    "keypoint_offset": [
      -0.0044098388786951714,
      0.007378999195995377,
      0.022319914059449553
    ]
  },
  "447": {
    "geom_id": 123,
    "geom_name": "blue_cube_g0_vis",
    "body_id": 24,
    "body_name": "blue_cube_main",
    "initial_keypoint": [
      0.0898839930427664,
      0.04459095898484903,
      0.8465303113742816
    ],
    "initial_pos": [
      0.07123298758120233,
      0.037978102228479776,
      0.831617875207806
    ],
    "initial_rot": [
      [
        -0.2728342581226982,
        -0.9620610519060819,
        0.0
      ],
      [
        0.9620610519060819,
        -0.2728342581226982,
        0.0
      ],
      [
        0.0,
        0.0,
        1.0
      ]
    ],
    "keypoint_offset": [
      0.018651005461564063,
      0.006612856756369252,
      0.01491243616647564
    ]
  },
  "456": {
    "geom_id": 75,
    "geom_name": "gripper0_right_wiping_surface_vis",
    "body_id": 14,
    "body_name": "gripper0_right_wiping_gripper",
    "initial_keypoint": [
      -0.07850983142591972,
      0.05987309964505922,
      1.111291392131653
    ],
    "initial_pos": [
      -0.10315645932332812,
      0.0031746289541452507,
      1.1070723996851428
    ],
    "initial_rot": [
      [
        0.00839143308432147,
        0.9872749294656266,
        0.15880112562394155
      ],
      [
        0.9999547780238233,
        -0.008995547689001487,
        0.003085778523948285
      ],
      [
        0.004475014873194891,
        0.1587680502192252,
        -0.9873057684787767
      ]
    ],
    "keypoint_offset": [
      0.024646627897408402,
      0.05669847069091397,
      0.004218992446510139
    ]
  },
  "468": {
    "geom_id": 125,
    "geom_name": "red_cube_g0_vis",
    "body_id": 25,
    "body_name": "red_cube_main",
    "initial_keypoint": [
      0.0017622431960357954,
      0.07286654664523919,
      0.8531108634472133
    ],
    "initial_pos": [
      0.005311850395488316,
      0.08332144489668061,
      0.8311790901644627
    ],
    "initial_rot": [
      [
        -0.9311708533031001,
        -0.36458310706720437,
        0.0
      ],
      [
        0.36458310706720437,
        -0.9311708533031001,
        0.0
      ],
      [
        0.0,
        0.0,
        1.0
      ]
    ],
    "keypoint_offset": [
      -0.0035496071994525202,
      -0.010454898251441427,
      0.021931773282750644
    ]
  },
  "469": {
    "geom_id": 125,
    "geom_name": "red_cube_g0_vis",
    "body_id": 25,
    "body_name": "red_cube_main",
    "initial_keypoint": [
      0.02265752288275452,
      0.07229950701003313,
      0.8399133651588895
    ],
    "initial_pos": [
      0.005311850395488316,
      0.08332144489668061,
      0.8311790901644627
    ],
    "initial_rot": [
      [
        -0.9311708533031001,
        -0.36458310706720437,
        0.0
      ],
      [
        0.36458310706720437,
        -0.9311708533031001,
        0.0
      ],
      [
        0.0,
        0.0,
        1.0
      ]
    ],
    "keypoint_offset": [
      0.017345672487266206,
      -0.011021937886647487,
      0.008734274994426805
    ]
  },
  "492": {
    "geom_id": 125,
    "geom_name": "red_cube_g0_vis",
    "body_id": 25,
    "body_name": "red_cube_main",
    "initial_keypoint": [
      0.0017622431960357954,
      0.09715539552698559,
      0.8531108634472133
    ],
    "initial_pos": [
      0.005311850395488316,
      0.08332144489668061,
      0.8311790901644627
    ],
    "initial_rot": [
      [
        -0.9311708533031001,
        -0.36458310706720437,
        0.0
      ],
      [
        0.36458310706720437,
        -0.9311708533031001,
        0.0
      ],
      [
        0.0,
        0.0,
        1.0
      ]
    ],
    "keypoint_offset": [
      -0.0035496071994525202,
      0.013833950630304973,
      0.021931773282750644
    ]
  },
  "493": {
    "geom_id": 125,
    "geom_name": "red_cube_g0_vis",
    "body_id": 25,
    "body_name": "red_cube_main",
    "initial_keypoint": [
      0.03140987786605287,
      0.09463180405162007,
      0.849266103526795
    ],
    "initial_pos": [
      0.005311850395488316,
      0.08332144489668061,
      0.8311790901644627
    ],
    "initial_rot": [
      [
        -0.9311708533031001,
        -0.36458310706720437,
        0.0
      ],
      [
        0.36458310706720437,
        -0.9311708533031001,
        0.0
      ],
      [
        0.0,
        0.0,
        1.0
      ]
    ],
    "keypoint_offset": [
      0.026098027470564555,
      0.011310359154939456,
      0.018087013362332316
    ]
  }
}