{
  "327": {
    "geom_id": 117,
    "geom_name": "blue_cube_g0_vis",
    "body_id": 21,
    "body_name": "blue_cube_main",
    "initial_keypoint": [
      0.0962987501475675,
      -0.06584024606059552,
      0.8544052436065673
    ],
    "initial_pos": [
      0.08709143861057297,
      -0.0579911421803659,
      0.8318631841499184
    ],
    "initial_rot": [
      [
        0.8931608051248584,
        -0.44973745250836605,
        0.0
      ],
      [
        0.44973745250836605,
        0.8931608051248584,
        0.0
      ],
      [
        0.0,
        0.0,
        1.0
      ]
    ],
    "keypoint_offset": [
      0.009207311536994528,
      -0.007849103880229621,
      0.02254205945664889
    ]
  },
  "328": {
    "geom_id": 117,
    "geom_name": "blue_cube_g0_vis",
    "body_id": 21,
    "body_name": "blue_cube_main",
    "initial_keypoint": [
      0.11261141068178498,
      -0.065702018229331,
      0.839938629326338
    ],
    "initial_pos": [
      0.08709143861057297,
      -0.0579911421803659,
      0.8318631841499184
    ],
    "initial_rot": [
      [
        0.8931608051248584,
        -0.44973745250836605,
        0.0
      ],
      [
        0.44973745250836605,
        0.8931608051248584,
        0.0
      ],
      [
        0.0,
        0.0,
        1.0
      ]
    ],
    "keypoint_offset": [
      0.02551997207121201,
      -0.007710876048965101,
      0.00807544517641956
    ]
  },
  "336": {
    "geom_id": 75,
    "geom_name": "gripper0_right_wiping_surface_vis",
    "body_id": 14,
    "body_name": "gripper0_right_wiping_gripper",
    "initial_keypoint": [
      -0.11817897443196668,
      -0.04265244866961864,
      1.0949228442040169
    ],
    "initial_pos": [
      -0.12276651440064808,
      0.015405851859275744,
      1.0790050018662105
    ],
    "initial_rot": [
      [
        -0.03583439287791359,
        0.9972363173474037,
        0.06508166908169942
      ],
      [
        0.99935768788318,
        0.03577973327025528,
        0.0020055811860578213
      ],
      [
        -0.00032856636440067866,
        0.06511173512123514,
        -0.9978779253965117
      ]
    ],
    "keypoint_offset": [
      0.004587539968681401,
      -0.05805830052889439,
      0.015917842337806354
    ]
  },
  "337": {
    "geom_id": 75,
    "geom_name": "gripper0_right_wiping_surface_vis",
    "body_id": 14,
    "body_name": "gripper0_right_wiping_gripper",
    "initial_keypoint": [
      -0.09650047444876497,
      -0.04218435246871103,
      1.0827876102149518
    ],
    "initial_pos": [
      -0.12276651440064808,
      0.015405851859275744,
      1.0790050018662105
    ],
    "initial_rot": [
      [
        -0.03583439287791359,
        0.9972363173474037,
        0.06508166908169942
      ],
      [
        0.99935768788318,
        0.03577973327025528,
        0.0020055811860578213
      ],
      [
        -0.00032856636440067866,
        0.06511173512123514,
        -0.9978779253965117
      ]
    ],
    "keypoint_offset": [
      0.026266039951883105,
      -0.057590204327986776,
      0.0037826083487413342
    ]
  },
  "350": {
    "geom_id": 117,
    "geom_name": "blue_cube_g0_vis",
    "body_id": 21,
    "body_name": "blue_cube_main",
    "initial_keypoint": [
      0.06725279637523979,
      -0.04531211385644018,
      0.8544298099598053
    ],
    "initial_pos": [
      0.08709143861057297,
      -0.0579911421803659,
      0.8318631841499184
    ],
    "initial_rot": [
      [
        0.8931608051248584,
        -0.44973745250836605,
        0.0
      ],
      [
        0.44973745250836605,
        0.8931608051248584,
        0.0
      ],
      [
        0.0,
        0.0,
        1.0
      ]
    ],
    "keypoint_offset": [
      -0.019838642235333187,
      0.012679028323925721,
      0.022566625809886887
    ]
  },
  "351": {
    "geom_id": 117,
    "geom_name": "blue_cube_g0_vis",
    "body_id": 21,
    "body_name": "blue_cube_main",
    "initial_keypoint": [
      0.0962987501475675,
      -0.04389349737373034,
      0.8544052436065673
    ],
    "initial_pos": [
      0.08709143861057297,
      -0.0579911421803659,
      0.8318631841499184
    ],
    "initial_rot": [
      [
        0.8931608051248584,
        -0.44973745250836605,
        0.0
      ],
      [
        0.44973745250836605,
        0.8931608051248584,
        0.0
      ],
      [
        0.0,
        0.0,
        1.0
      ]
    ],
    "keypoint_offset": [
      0.009207311536994528,
      0.014097644806635556,
      0.02254205945664889
    ]
  },
  "352": {
    "geom_id": 117,
    "geom_name": "blue_cube_g0_vis",
    "body_id": 21,
    "body_name": "blue_cube_main",
    "initial_keypoint": [
      0.1021544832443324,
      -0.044983691853774516,
      0.8261703488739656
    ],
    "initial_pos": [
      0.08709143861057297,
      -0.0579911421803659,
      0.8318631841499184
    ],
    "initial_rot": [
      [
        0.8931608051248584,
        -0.44973745250836605,
        0.0
      ],
      [
        0.44973745250836605,
        0.8931608051248584,
        0.0
      ],
      [
        0.0,
        0.0,
        1.0
      ]
    ],
    "keypoint_offset": [
      0.015063044633759431,
      0.013007450326591383,
      -0.005692835275952879
    ]
  },
  "360": {
    "geom_id": 75,
    "geom_name": "gripper0_right_wiping_surface_vis",
    "body_id": 14,
    "body_name": "gripper0_right_wiping_gripper",
    "initial_keypoint": [
      -0.1180524224915327,
      -0.02132185848740375,
      1.0949750629147164
    ],
    "initial_pos": [
      -0.12276651440064808,
      0.015405851859275744,
      1.0790050018662105
    ],
    "initial_rot": [
      [
        -0.03583439287791359,
        0.9972363173474037,
        0.06508166908169942
      ],
      [
        0.99935768788318,
        0.03577973327025528,
        0.0020055811860578213
      ],
      [
        -0.00032856636440067866,
        0.06511173512123514,
        -0.9978779253965117
      ]
    ],
    "keypoint_offset": [
      0.004714091909115384,
      -0.036727710346679494,
      0.015970061048505846
    ]
  },
  "361": {
    "geom_id": 75,
    "geom_name": "gripper0_right_wiping_surface_vis",
    "body_id": 14,
    "body_name": "gripper0_right_wiping_gripper",
    "initial_keypoint": [
      -0.09723645911688295,
      -0.021118200552844232,
      1.08245791354171
    ],
    "initial_pos": [
      -0.12276651440064808,
      0.015405851859275744,
      1.0790050018662105
    ],
    "initial_rot": [
      [
        -0.03583439287791359,
        0.9972363173474037,
        0.06508166908169942
      ],
      [
        0.99935768788318,
        0.03577973327025528,
        0.0020055811860578213
      ],
      [
        -0.00032856636440067866,
        0.06511173512123514,
        -0.9978779253965117
      ]
    ],
    "keypoint_offset": [
      0.025530055283765132,
      -0.03652405241211998,
      0.003452911675499548
    ]
  },
  "385": {
    "geom_id": 75,
    "geom_name": "gripper0_right_wiping_surface_vis",
    "body_id": 14,
    "body_name": "gripper0_right_wiping_gripper",
    "initial_keypoint": [
      -0.0979743057115865,
      0.0,
      1.0821273827872329
    ],
    "initial_pos": [
      -0.12276651440064808,
      0.015405851859275744,
      1.0790050018662105
    ],
    "initial_rot": [
      [
        -0.03583439287791359,
        0.9972363173474037,
        0.06508166908169942
      ],
      [
        0.99935768788318,
        0.03577973327025528,
        0.0020055811860578213
      ],
      [
        -0.00032856636440067866,
        0.06511173512123514,
        -0.9978779253965117
      ]
    ],
    "keypoint_offset": [
      0.02479220868906158,
      -0.015405851859275744,
      0.0031223809210223497
    ]
  },
  "409": {
    "geom_id": 75,
    "geom_name": "gripper0_right_wiping_surface_vis",
    "body_id": 14,
    "body_name": "gripper0_right_wiping_gripper",
    "initial_keypoint": [
      -0.0987140142328754,
      0.021170446702239654,
      1.0817960179515205
    ],
    "initial_pos": [
      -0.12276651440064808,
      0.015405851859275744,
      1.0790050018662105
    ],
    "initial_rot": [
      [
        -0.03583439287791359,
        0.9972363173474037,
        0.06508166908169942
      ],
      [
        0.99935768788318,
        0.03577973327025528,
        0.0020055811860578213
      ],
      [
        -0.00032856636440067866,
        0.06511173512123514,
        -0.9978779253965117
      ]
    ],
    "keypoint_offset": [
      0.024052500167772675,
      0.00576459484296391,
      0.002791016085309961
    ]
  },
  "433": {
    "geom_id": 75,
    "geom_name": "gripper0_right_wiping_surface_vis",
    "body_id": 14,
    "body_name": "gripper0_right_wiping_gripper",
    "initial_keypoint": [
      -0.09945133716072685,
      0.0423930366828237,
      1.0814657217823909
    ],
    "initial_pos": [
      -0.12276651440064808,
      0.015405851859275744,
      1.0790050018662105
    ],
    "initial_rot": [
      [
        -0.03583439287791359,
        0.9972363173474037,
        0.06508166908169942
      ],
      [
        0.99935768788318,
        0.03577973327025528,
        0.0020055811860578213
      ],
      [
        -0.00032856636440067866,
        0.06511173512123514,
        -0.9978779253965117
      ]
    ],
    "keypoint_offset": [
      0.023315177239921228,
      0.026987184823547956,
      0.002460719916180354
    ]
  },
  "456": {
    "geom_id": 75,
    "geom_name": "gripper0_right_wiping_surface_vis",
    "body_id": 14,
    "body_name": "gripper0_right_wiping_gripper",
    "initial_keypoint": [
      -0.1175659549240865,
      0.06391522831241778,
      1.0951757924261094
    ],
    "initial_pos": [
      -0.12276651440064808,
      0.015405851859275744,
      1.0790050018662105
    ],
    "initial_rot": [
      [
        -0.03583439287791359,
        0.9972363173474037,
        0.06508166908169942
      ],
      [
        0.99935768788318,
        0.03577973327025528,
        0.0020055811860578213
      ],
      [
        -0.00032856636440067866,
        0.06511173512123514,
        -0.9978779253965117
      ]
    ],
    "keypoint_offset": [
      0.005200559476561575,
      0.04850937645314203,
      0.016170790559898895
    ]
  },
  "457": {
    "geom_id": 75,
    "geom_name": "gripper0_right_wiping_surface_vis",
    "body_id": 14,
    "body_name": "gripper0_right_wiping_gripper",
    "initial_keypoint": [
      -0.10019465316477516,
      0.06366840568484748,
      1.0811327409142855
    ],
    "initial_pos": [
      -0.12276651440064808,
      0.015405851859275744,
      1.0790050018662105
    ],
    "initial_rot": [
      [
        -0.03583439287791359,
        0.9972363173474037,
        0.06508166908169942
      ],
      [
        0.99935768788318,
        0.03577973327025528,
        0.0020055811860578213
      ],
      [
        -0.00032856636440067866,
        0.06511173512123514,
        -0.9978779253965117
      ]
    ],
    "keypoint_offset": [
      0.022571861235872917,
      0.048262553825571736,
      0.0021277390480749503
    ]
  },
  "514": {
    "geom_id": 119,
    "geom_name": "dark_cube_g0_vis",
    "body_id": 22,
    "body_name": "dark_cube_main",
    "initial_keypoint": [
      -0.07277622426933095,
      0.13061980723084435,
      0.8525639425468541
    ],
    "initial_pos": [
      -0.06807816372880003,
      0.13611506100291546,
      0.8308773479536236
    ],
    "initial_rot": [
      [
        -0.11271037897153585,
        0.9936278833004298,
        0.0
      ],
      [
        -0.9936278833004298,
        -0.11271037897153585,
        0.0
      ],
      [
        0.0,
        0.0,
        1.0
      ]
    ],
    "keypoint_offset": [
      -0.004698060540530916,
      -0.005495253772071107,
      0.021686594593230524
    ]
  },
  "515": {
    "geom_id": 119,
    "geom_name": "dark_cube_g0_vis",
    "body_id": 22,
    "body_name": "dark_cube_main",
    "initial_keypoint": [
      -0.048131984761885516,
      0.1291596040970465,
      0.8398341326270141
    ],
    "initial_pos": [
      -0.06807816372880003,
      0.13611506100291546,
      0.8308773479536236
    ],
    "initial_rot": [
      [
        -0.11271037897153585,
        0.9936278833004298,
        0.0
      ],
      [
        -0.9936278833004298,
        -0.11271037897153585,
        0.0
      ],
      [
        0.0,
        0.0,
        1.0
      ]
    ],
    "keypoint_offset": [
      0.019946178966914516,
      -0.006955456905868962,
      0.008956784673390561
    ]
  }
}