{
  "336": {
    "geom_id": 75,
    "geom_name": "gripper0_right_wiping_surface_vis",
    "body_id": 14,
    "body_name": "gripper0_right_wiping_gripper",
    "initial_keypoint": [
      -0.10888849948721613,
      -0.0420114344616193,
      1.0987563423055633
    ],
    "initial_pos": [
      -0.1097558769634303,
      0.018489861895929702,
      1.0921846960301815
    ],
    "initial_rot": [
      [
        -0.1012916893716374,
        0.9885376154367655,
        0.11195256375283164
      ],
      [
        0.9948206357243397,
        0.10160375246378112,
        0.0029292016486112057
      ],
      [
        -0.008479174562376825,
        0.11166942442705971,
        -0.9937092347597806
      ]
    ],
    "keypoint_offset": [
      0.0008673774762141678,
      -0.060501296357549,
      0.0065716462753817595
    ]
  },
  "360": {
    "geom_id": 75,
    "geom_name": "gripper0_right_wiping_surface_vis",
    "body_id": 14,
    "body_name": "gripper0_right_wiping_gripper",
    "initial_keypoint": [
      -0.08303600153303736,
      -0.020113845792618754,
      1.109423773455956
    ],
    "initial_pos": [
      -0.1097558769634303,
      0.018489861895929702,
      1.0921846960301815
    ],
    "initial_rot": [
      [
        -0.1012916893716374,
        0.9885376154367655,
        0.11195256375283164
      ],
      [
        0.9948206357243397,
        0.10160375246378112,
        0.0029292016486112057
      ],
      [
        -0.008479174562376825,
        0.11166942442705971,
        -0.9937092347597806
      ]
    ],
    "keypoint_offset": [
      0.026719875430392934,
      -0.038603707688548455,
      0.017239077425774463
    ]
  },
  "361": {
    "geom_id": 75,
    "geom_name": "gripper0_right_wiping_surface_vis",
    "body_id": 14,
    "body_name": "gripper0_right_wiping_gripper",
    "initial_keypoint": [
      -0.08078977066128068,
      -0.020536647869759325,
      1.0898254834172123
    ],
    "initial_pos": [
      -0.1097558769634303,
      0.018489861895929702,
      1.0921846960301815
    ],
    "initial_rot": [
      [
        -0.1012916893716374,
        0.9885376154367655,
        0.11195256375283164
      ],
      [
        0.9948206357243397,
        0.10160375246378112,
        0.0029292016486112057
      ],
      [
        -0.008479174562376825,
        0.11166942442705971,
        -0.9937092347597806
      ]
    ],
    "keypoint_offset": [
      0.028966106302149616,
      -0.03902650976568903,
      -0.0023592126129692303
    ]
  },
  "384": {
    "geom_id": 75,
    "geom_name": "gripper0_right_wiping_surface_vis",
    "body_id": 14,
    "body_name": "gripper0_right_wiping_gripper",
    "initial_keypoint": [
      -0.08501240648402009,
      0.0,
      1.1086082559853707
    ],
    "initial_pos": [
      -0.1097558769634303,
      0.018489861895929702,
      1.0921846960301815
    ],
    "initial_rot": [
      [
        -0.1012916893716374,
        0.9885376154367655,
        0.11195256375283164
      ],
      [
        0.9948206357243397,
        0.10160375246378112,
        0.0029292016486112057
      ],
      [
        -0.008479174562376825,
        0.11166942442705971,
        -0.9937092347597806
      ]
    ],
    "keypoint_offset": [
      0.02474347047941021,
      -0.018489861895929702,
      0.016423559955189182
    ]
  },
  "385": {
    "geom_id": 75,
    "geom_name": "gripper0_right_wiping_surface_vis",
    "body_id": 14,
    "body_name": "gripper0_right_wiping_gripper",
    "initial_keypoint": [
      -0.08280198963333585,
      0.0,
      1.0889240761873347
    ],
    "initial_pos": [
      -0.1097558769634303,
      0.018489861895929702,
      1.0921846960301815
    ],
    "initial_rot": [
      [
        -0.1012916893716374,
        0.9885376154367655,
        0.11195256375283164
      ],
      [
        0.9948206357243397,
        0.10160375246378112,
        0.0029292016486112057
      ],
      [
        -0.008479174562376825,
        0.11166942442705971,
        -0.9937092347597806
      ]
    ],
    "keypoint_offset": [
      0.026953887330094448,
      -0.018489861895929702,
      -0.003260619842846868
    ]
  },
  "408": {
    "geom_id": 75,
    "geom_name": "gripper0_right_wiping_surface_vis",
    "body_id": 14,
    "body_name": "gripper0_right_wiping_gripper",
    "initial_keypoint": [
      -0.08700222999607621,
      0.020250674577589303,
      1.10778720165809
    ],
    "initial_pos": [
      -0.1097558769634303,
      0.018489861895929702,
      1.0921846960301815
    ],
    "initial_rot": [
      [
        -0.1012916893716374,
        0.9885376154367655,
        0.11195256375283164
      ],
      [
        0.9948206357243397,
        0.10160375246378112,
        0.0029292016486112057
      ],
      [
        -0.008479174562376825,
        0.11166942442705971,
        -0.9937092347597806
      ]
    ],
    "keypoint_offset": [
      0.022753646967354088,
      0.0017608126816596008,
      0.015602505627908547
    ]
  },
  "409": {
    "geom_id": 75,
    "geom_name": "gripper0_right_wiping_surface_vis",
    "body_id": 14,
    "body_name": "gripper0_right_wiping_gripper",
    "initial_keypoint": [
      -0.08482625294299095,
      0.02067937733821677,
      1.0880172734944666
    ],
    "initial_pos": [
      -0.1097558769634303,
      0.018489861895929702,
      1.0921846960301815
    ],
    "initial_rot": [
      [
        -0.1012916893716374,
        0.9885376154367655,
        0.11195256375283164
      ],
      [
        0.9948206357243397,
        0.10160375246378112,
        0.0029292016486112057
      ],
      [
        -0.008479174562376825,
        0.11166942442705971,
        -0.9937092347597806
      ]
    ],
    "keypoint_offset": [
      0.024929624020439342,
      0.0021895154422870676,
      -0.004167422535714893
    ]
  },
  "417": {
    "geom_id": 121,
    "geom_name": "blue_cube_g0_vis",
    "body_id": 23,
    "body_name": "blue_cube_main",
    "initial_keypoint": [
      -0.11555015974653227,
      0.027198861058346402,
      0.8513549253647072
    ],
    "initial_pos": [
      -0.12814928530386432,
      0.048377079944355694,
      0.8302560821323438
    ],
    "initial_rot": [
      [
        0.10121706193124153,
        -0.9948643658177769,
        0.0
      ],
      [
        0.9948643658177769,
        0.10121706193124153,
        0.0
      ],
      [
        0.0,
        0.0,
        1.0
      ]
    ],
    "keypoint_offset": [
      0.012599125557332058,
      -0.021178218886009292,
      0.02109884323236344
    ]
  },
  "418": {
    "geom_id": 121,
    "geom_name": "blue_cube_g0_vis",
    "body_id": 23,
    "body_name": "blue_cube_main",
    "initial_keypoint": [
      -0.10894854193045411,
      0.027773757984429888,
      0.8211495536042168
    ],
    "initial_pos": [
      -0.12814928530386432,
      0.048377079944355694,
      0.8302560821323438
    ],
    "initial_rot": [
      [
        0.10121706193124153,
        -0.9948643658177769,
        0.0
      ],
      [
        0.9948643658177769,
        0.10121706193124153,
        0.0
      ],
      [
        0.0,
        0.0,
        1.0
      ]
    ],
    "keypoint_offset": [
      0.019200743373410212,
      -0.020603321959925806,
      -0.00910652852812699
    ]
  },
  "425": {
    "geom_id": 123,
    "geom_name": "dark_cube_g0_vis",
    "body_id": 24,
    "body_name": "dark_cube_main",
    "initial_keypoint": [
      0.14857208818054357,
      0.020693793687307643,
      0.8533940115953802
    ],
    "initial_pos": [
      0.1349160386641188,
      0.04218379155277513,
      0.8313762045441426
    ],
    "initial_rot": [
      [
        0.9719643883203876,
        0.23512810941479276,
        0.0
      ],
      [
        -0.23512810941479276,
        0.9719643883203876,
        0.0
      ],
      [
        0.0,
        0.0,
        0.9999999999999999
      ]
    ],
    "keypoint_offset": [
      0.013656049516424767,
      -0.021489997865467486,
      0.02201780705123757
    ]
  },
  "426": {
    "geom_id": 123,
    "geom_name": "dark_cube_g0_vis",
    "body_id": 24,
    "body_name": "dark_cube_main",
    "initial_keypoint": [
      0.15043936184209633,
      0.02147687898903786,
      0.8193946556473886
    ],
    "initial_pos": [
      0.1349160386641188,
      0.04218379155277513,
      0.8313762045441426
    ],
    "initial_rot": [
      [
        0.9719643883203876,
        0.23512810941479276,
        0.0
      ],
      [
        -0.23512810941479276,
        0.9719643883203876,
        0.0
      ],
      [
        0.0,
        0.0,
        0.9999999999999999
      ]
    ],
    "keypoint_offset": [
      0.015523323177977527,
      -0.02070691256373727,
      -0.011981548896754068
    ]
  },
  "432": {
    "geom_id": 75,
    "geom_name": "gripper0_right_wiping_surface_vis",
    "body_id": 14,
    "body_name": "gripper0_right_wiping_gripper",
    "initial_keypoint": [
      -0.08900755940092808,
      0.04063971071880946,
      1.106959749185295
    ],
    "initial_pos": [
      -0.1097558769634303,
      0.018489861895929702,
      1.0921846960301815
    ],
    "initial_rot": [
      [
        -0.1012916893716374,
        0.9885376154367655,
        0.11195256375283164
      ],
      [
        0.9948206357243397,
        0.10160375246378112,
        0.0029292016486112057
      ],
      [
        -0.008479174562376825,
        0.11166942442705971,
        -0.9937092347597806
      ]
    ],
    "keypoint_offset": [
      0.020748317562502214,
      0.022149848822879757,
      0.014775053155113405
    ]
  },
  "433": {
    "geom_id": 75,
    "geom_name": "gripper0_right_wiping_surface_vis",
    "body_id": 14,
    "body_name": "gripper0_right_wiping_gripper",
    "initial_keypoint": [
      -0.08686465525765441,
      0.04150290993765821,
      1.087104136997219
    ],
    "initial_pos": [
      -0.1097558769634303,
      0.018489861895929702,
      1.0921846960301815
    ],
    "initial_rot": [
      [
        -0.1012916893716374,
        0.9885376154367655,
        0.11195256375283164
      ],
      [
        0.9948206357243397,
        0.10160375246378112,
        0.0029292016486112057
      ],
      [
        -0.008479174562376825,
        0.11166942442705971,
        -0.9937092347597806
      ]
    ],
    "keypoint_offset": [
      0.022891221705775885,
      0.02301304804172851,
      -0.005080559032962562
    ]
  },
  "441": {
    "geom_id": 121,
    "geom_name": "blue_cube_g0_vis",
    "body_id": 23,
    "body_name": "blue_cube_main",
    "initial_keypoint": [
      -0.11555290693158071,
      0.054397964892373224,
      0.8513526999241452
    ],
    "initial_pos": [
      -0.12814928530386432,
      0.048377079944355694,
      0.8302560821323438
    ],
    "initial_rot": [
      [
        0.10121706193124153,
        -0.9948643658177769,
        0.0
      ],
      [
        0.9948643658177769,
        0.10121706193124153,
        0.0
      ],
      [
        0.0,
        0.0,
        1.0
      ]
    ],
    "keypoint_offset": [
      0.012596378372283612,
      0.00602088494801753,
      0.021096617791801386
    ]
  },
  "442": {
    "geom_id": 121,
    "geom_name": "blue_cube_g0_vis",
    "body_id": 23,
    "body_name": "blue_cube_main",
    "initial_keypoint": [
      -0.10614556578138723,
      0.05529183202895405,
      0.8235838400596398
    ],
    "initial_pos": [
      -0.12814928530386432,
      0.048377079944355694,
      0.8302560821323438
    ],
    "initial_rot": [
      [
        0.10121706193124153,
        -0.9948643658177769,
        0.0
      ],
      [
        0.9948643658177769,
        0.10121706193124153,
        0.0
      ],
      [
        0.0,
        0.0,
        1.0
      ]
    ],
    "keypoint_offset": [
      0.022003719522477094,
      0.006914752084598352,
      -0.006672242072704004
    ]
  },
  "448": {
    "geom_id": 123,
    "geom_name": "dark_cube_g0_vis",
    "body_id": 24,
    "body_name": "dark_cube_main",
    "initial_keypoint": [
      0.1228444875163992,
      0.04264430951206141,
      0.8534121733087725
    ],
    "initial_pos": [
      0.1349160386641188,
      0.04218379155277513,
      0.8313762045441426
    ],
    "initial_rot": [
      [
        0.9719643883203876,
        0.23512810941479276,
        0.0
      ],
      [
        -0.23512810941479276,
        0.9719643883203876,
        0.0
      ],
      [
        0.0,
        0.0,
        0.9999999999999999
      ]
    ],
    "keypoint_offset": [
      -0.0120715511477196,
      0.0004605179592862829,
      0.022035968764629876
    ]
  },
  "449": {
    "geom_id": 123,
    "geom_name": "dark_cube_g0_vis",
    "body_id": 24,
    "body_name": "dark_cube_main",
    "initial_keypoint": [
      0.14857208818054357,
      0.04138758737461529,
      0.8533940115953802
    ],
    "initial_pos": [
      0.1349160386641188,
      0.04218379155277513,
      0.8313762045441426
    ],
    "initial_rot": [
      [
        0.9719643883203876,
        0.23512810941479276,
        0.0
      ],
      [
        -0.23512810941479276,
        0.9719643883203876,
        0.0
      ],
      [
        0.0,
        0.0,
        0.9999999999999999
      ]
    ],
    "keypoint_offset": [
      0.013656049516424767,
      -0.0007962041781598428,
      0.02201780705123757
    ]
  },
  "450": {
    "geom_id": 123,
    "geom_name": "dark_cube_g0_vis",
    "body_id": 24,
    "body_name": "dark_cube_main",
    "initial_keypoint": [
      0.15549336734678298,
      0.0423327254430278,
      0.8270662354491249
    ],
    "initial_pos": [
      0.1349160386641188,
      0.04218379155277513,
      0.8313762045441426
    ],
    "initial_rot": [
      [
        0.9719643883203876,
        0.23512810941479276,
        0.0
      ],
      [
        -0.23512810941479276,
        0.9719643883203876,
        0.0
      ],
      [
        0.0,
        0.0,
        0.9999999999999999
      ]
    ],
    "keypoint_offset": [
      0.02057732868266418,
      0.00014893389025266712,
      -0.004309969095017685
    ]
  },
  "456": {
    "geom_id": 75,
    "geom_name": "gripper0_right_wiping_surface_vis",
    "body_id": 14,
    "body_name": "gripper0_right_wiping_gripper",
    "initial_keypoint": [
      -0.09102469713952455,
      0.06116833053174667,
      1.106127424278608
    ],
    "initial_pos": [
      -0.1097558769634303,
      0.018489861895929702,
      1.0921846960301815
    ],
    "initial_rot": [
      [
        -0.1012916893716374,
        0.9885376154367655,
        0.11195256375283164
      ],
      [
        0.9948206357243397,
        0.10160375246378112,
        0.0029292016486112057
      ],
      [
        -0.008479174562376825,
        0.11166942442705971,
        -0.9937092347597806
      ]
    ],
    "keypoint_offset": [
      0.01873117982390575,
      0.042678468635816966,
      0.013942728248426572
    ]
  },
  "457": {
    "geom_id": 75,
    "geom_name": "gripper0_right_wiping_surface_vis",
    "body_id": 14,
    "body_name": "gripper0_right_wiping_gripper",
    "initial_keypoint": [
      -0.08891929124473519,
      0.06247231985971852,
      1.0861837283542024
    ],
    "initial_pos": [
      -0.1097558769634303,
      0.018489861895929702,
      1.0921846960301815
    ],
    "initial_rot": [
      [
        -0.1012916893716374,
        0.9885376154367655,
        0.11195256375283164
      ],
      [
        0.9948206357243397,
        0.10160375246378112,
        0.0029292016486112057
      ],
      [
        -0.008479174562376825,
        0.11166942442705971,
        -0.9937092347597806
      ]
    ],
    "keypoint_offset": [
      0.020836585718695108,
      0.043982457963788815,
      -0.00600096767597913
    ]
  },
  "467": {
    "geom_id": 119,
    "geom_name": "green_cube_g0_vis",
    "body_id": 22,
    "body_name": "green_cube_main",
    "initial_keypoint": [
      -0.03630139256636167,
      0.07582313471890202,
      0.8508452841320433
    ],
    "initial_pos": [
      -0.03626979287648972,
      0.10160695713240567,
      0.8307762533448084
    ],
    "initial_rot": [
      [
        0.8253869825712457,
        -0.5645673821626025,
        0.0
      ],
      [
        0.5645673821626025,
        0.8253869825712457,
        0.0
      ],
      [
        0.0,
        0.0,
        1.0
      ]
    ],
    "keypoint_offset": [
      -3.15996898719445e-05,
      -0.025783822413503646,
      0.020069030787234876
    ]
  },
  "468": {
    "geom_id": 119,
    "geom_name": "green_cube_g0_vis",
    "body_id": 22,
    "body_name": "green_cube_main",
    "initial_keypoint": [
      -0.03316121195535304,
      0.07797405112287123,
      0.8182819384236902
    ],
    "initial_pos": [
      -0.03626979287648972,
      0.10160695713240567,
      0.8307762533448084
    ],
    "initial_rot": [
      [
        0.8253869825712457,
        -0.5645673821626025,
        0.0
      ],
      [
        0.5645673821626025,
        0.8253869825712457,
        0.0
      ],
      [
        0.0,
        0.0,
        1.0
      ]
    ],
    "keypoint_offset": [
      0.0031085809211366805,
      -0.023632906009534438,
      -0.012494314921118188
    ]
  },
  "472": {
    "geom_id": 123,
    "geom_name": "dark_cube_g0_vis",
    "body_id": 24,
    "body_name": "dark_cube_main",
    "initial_keypoint": [
      0.1228444875163992,
      0.06396646426809212,
      0.8534121733087725
    ],
    "initial_pos": [
      0.1349160386641188,
      0.04218379155277513,
      0.8313762045441426
    ],
    "initial_rot": [
      [
        0.9719643883203876,
        0.23512810941479276,
        0.0
      ],
      [
        -0.23512810941479276,
        0.9719643883203876,
        0.0
      ],
      [
        0.0,
        0.0,
        0.9999999999999999
      ]
    ],
    "keypoint_offset": [
      -0.0120715511477196,
      0.02178267271531699,
      0.022035968764629876
    ]
  },
  "491": {
    "geom_id": 119,
    "geom_name": "green_cube_g0_vis",
    "body_id": 22,
    "body_name": "green_cube_main",
    "initial_keypoint": [
      -0.03470237599258086,
      0.10079608431965977,
      0.8523335455362031
    ],
    "initial_pos": [
      -0.03626979287648972,
      0.10160695713240567,
      0.8307762533448084
    ],
    "initial_rot": [
      [
        0.8253869825712457,
        -0.5645673821626025,
        0.0
      ],
      [
        0.5645673821626025,
        0.8253869825712457,
        0.0
      ],
      [
        0.0,
        0.0,
        1.0
      ]
    ],
    "keypoint_offset": [
      0.0015674168839088648,
      -0.0008108728127459025,
      0.021557292191394684
    ]
  },
  "492": {
    "geom_id": 119,
    "geom_name": "green_cube_g0_vis",
    "body_id": 22,
    "body_name": "green_cube_main",
    "initial_keypoint": [
      -0.011851140289434459,
      0.0998099788838864,
      0.8395343284028834
    ],
    "initial_pos": [
      -0.03626979287648972,
      0.10160695713240567,
      0.8307762533448084
    ],
    "initial_rot": [
      [
        0.8253869825712457,
        -0.5645673821626025,
        0.0
      ],
      [
        0.5645673821626025,
        0.8253869825712457,
        0.0
      ],
      [
        0.0,
        0.0,
        1.0
      ]
    ],
    "keypoint_offset": [
      0.024418652587055265,
      -0.0017969782485192654,
      0.008758075058075021
    ]
  },
  "515": {
    "geom_id": 119,
    "geom_name": "green_cube_g0_vis",
    "body_id": 22,
    "body_name": "green_cube_main",
    "initial_keypoint": [
      -0.0347045588311613,
      0.12599561975482984,
      0.8523315138909631
    ],
    "initial_pos": [
      -0.03626979287648972,
      0.10160695713240567,
      0.8307762533448084
    ],
    "initial_rot": [
      [
        0.8253869825712457,
        -0.5645673821626025,
        0.0
      ],
      [
        0.5645673821626025,
        0.8253869825712457,
        0.0
      ],
      [
        0.0,
        0.0,
        1.0
      ]
    ],
    "keypoint_offset": [
      0.0015652340453284203,
      0.024388662622424173,
      0.021555260546154642
    ]
  },
  "516": {
    "geom_id": 119,
    "geom_name": "green_cube_g0_vis",
    "body_id": 22,
    "body_name": "green_cube_main",
    "initial_keypoint": [
      -0.03238651664946046,
      0.12976792177018753,
      0.8190545367994249
    ],
    "initial_pos": [
      -0.03626979287648972,
      0.10160695713240567,
      0.8307762533448084
    ],
    "initial_rot": [
      [
        0.8253869825712457,
        -0.5645673821626025,
        0.0
      ],
      [
        0.5645673821626025,
        0.8253869825712457,
        0.0
      ],
      [
        0.0,
        0.0,
        1.0
      ]
    ],
    "keypoint_offset": [
      0.0038832762270292615,
      0.028160964637781866,
      -0.011721716545383565
    ]
  },
  "518": {
    "geom_id": 117,
    "geom_name": "red_cube_g0_vis",
    "body_id": 21,
    "body_name": "red_cube_main",
    "initial_keypoint": [
      0.06428534687229343,
      0.11405707423450782,
      0.8510315684419121
    ],
    "initial_pos": [
      0.05674894776368419,
      0.12244976713264974,
      0.8301628297157596
    ],
    "initial_rot": [
      [
        -0.10515112419431633,
        -0.9944562539803706,
        0.0
      ],
      [
        0.9944562539803706,
        -0.10515112419431633,
        0.0
      ],
      [
        0.0,
        0.0,
        1.0
      ]
    ],
    "keypoint_offset": [
      0.007536399108609232,
      -0.008392692898141915,
      0.02086873872615247
    ]
  },
  "519": {
    "geom_id": 117,
    "geom_name": "red_cube_g0_vis",
    "body_id": 21,
    "body_name": "red_cube_main",
    "initial_keypoint": [
      0.0772276972195185,
      0.1149176214376611,
      0.830993094564429
    ],
    "initial_pos": [
      0.05674894776368419,
      0.12244976713264974,
      0.8301628297157596
    ],
    "initial_rot": [
      [
        -0.10515112419431633,
        -0.9944562539803706,
        0.0
      ],
      [
        0.9944562539803706,
        -0.10515112419431633,
        0.0
      ],
      [
        0.0,
        0.0,
        1.0
      ]
    ],
    "keypoint_offset": [
      0.020478749455834305,
      -0.00753214569498864,
      0.0008302648486694375
    ]
  },
  "542": {
    "geom_id": 117,
    "geom_name": "red_cube_g0_vis",
    "body_id": 21,
    "body_name": "red_cube_main",
    "initial_keypoint": [
      0.06428695810018892,
      0.13686798295583832,
      0.8510334135757633
    ],
    "initial_pos": [
      0.05674894776368419,
      0.12244976713264974,
      0.8301628297157596
    ],
    "initial_rot": [
      [
        -0.10515112419431633,
        -0.9944562539803706,
        0.0
      ],
      [
        0.9944562539803706,
        -0.10515112419431633,
        0.0
      ],
      [
        0.0,
        0.0,
        1.0
      ]
    ],
    "keypoint_offset": [
      0.007538010336504725,
      0.014418215823188585,
      0.020870583860003733
    ]
  },
  "543": {
    "geom_id": 117,
    "geom_name": "red_cube_g0_vis",
    "body_id": 21,
    "body_name": "red_cube_main",
    "initial_keypoint": [
      0.0747061718912182,
      0.13872362446720368,
      0.8278976007276483
    ],
    "initial_pos": [
      0.05674894776368419,
      0.12244976713264974,
      0.8301628297157596
    ],
    "initial_rot": [
      [
        -0.10515112419431633,
        -0.9944562539803706,
        0.0
      ],
      [
        0.9944562539803706,
        -0.10515112419431633,
        0.0
      ],
      [
        0.0,
        0.0,
        1.0
      ]
    ],
    "keypoint_offset": [
      0.017957224127534005,
      0.016273857334553943,
      -0.002265228988111323
    ]
  }
}