{
  "336": {
    "geom_id": 75,
    "geom_name": "gripper0_right_wiping_surface_vis",
    "body_id": 14,
    "body_name": "gripper0_right_wiping_gripper",
    "initial_keypoint": [
      -0.0921270468412132,
      -0.04085494576145151,
      1.1056725653490276
    ],
    "initial_pos": [
      -0.11486092353263987,
      -1.7412234112780427e-06,
      1.0927170149098147
    ],
    "initial_rot": [
      [
        0.005492709325312825,
        0.9912812112728647,
        0.13164873839754898
      ],
      [
        0.9999845156155923,
        -0.005327243430900344,
        -0.0016090389907282843
      ],
      [
        -0.0008936852428997333,
        0.13165553788134624,
        -0.9912951228932062
      ]
    ],
    "keypoint_offset": [
      0.022733876691426666,
      -0.040853204538040234,
      0.012955550439212926
    ]
  },
  "337": {
    "geom_id": 75,
    "geom_name": "gripper0_right_wiping_surface_vis",
    "body_id": 14,
    "body_name": "gripper0_right_wiping_gripper",
    "initial_keypoint": [
      -0.08951865704964335,
      -0.041690600227677364,
      1.0859152323915917
    ],
    "initial_pos": [
      -0.11486092353263987,
      -1.7412234112780427e-06,
      1.0927170149098147
    ],
    "initial_rot": [
      [
        0.005492709325312825,
        0.9912812112728647,
        0.13164873839754898
      ],
      [
        0.9999845156155923,
        -0.005327243430900344,
        -0.0016090389907282843
      ],
      [
        -0.0008936852428997333,
        0.13165553788134624,
        -0.9912951228932062
      ]
    ],
    "keypoint_offset": [
      0.02534226648299652,
      -0.04168885900426609,
      -0.006801782518222943
    ]
  },
  "360": {
    "geom_id": 75,
    "geom_name": "gripper0_right_wiping_surface_vis",
    "body_id": 14,
    "body_name": "gripper0_right_wiping_gripper",
    "initial_keypoint": [
      -0.09202273989313636,
      -0.020423874451360843,
      1.1057156051817387
    ],
    "initial_pos": [
      -0.11486092353263987,
      -1.7412234112780427e-06,
      1.0927170149098147
    ],
    "initial_rot": [
      [
        0.005492709325312825,
        0.9912812112728647,
        0.13164873839754898
      ],
      [
        0.9999845156155923,
        -0.005327243430900344,
        -0.0016090389907282843
      ],
      [
        -0.0008936852428997333,
        0.13165553788134624,
        -0.9912951228932062
      ]
    ],
    "keypoint_offset": [
      0.022838183639503504,
      -0.020422133227949564,
      0.012998590271924071
    ]
  },
  "361": {
    "geom_id": 75,
    "geom_name": "gripper0_right_wiping_surface_vis",
    "body_id": 14,
    "body_name": "gripper0_right_wiping_gripper",
    "initial_keypoint": [
      -0.08941270178988825,
      -0.02084155355016029,
      1.085962696826881
    ],
    "initial_pos": [
      -0.11486092353263987,
      -1.7412234112780427e-06,
      1.0927170149098147
    ],
    "initial_rot": [
      [
        0.005492709325312825,
        0.9912812112728647,
        0.13164873839754898
      ],
      [
        0.9999845156155923,
        -0.005327243430900344,
        -0.0016090389907282843
      ],
      [
        -0.0008936852428997333,
        0.13165553788134624,
        -0.9912951228932062
      ]
    ],
    "keypoint_offset": [
      0.025448221742751617,
      -0.020839812326749012,
      -0.006754318082933697
    ]
  },
  "371": {
    "geom_id": 119,
    "geom_name": "light_cube_g0_vis",
    "body_id": 22,
    "body_name": "light_cube_main",
    "initial_keypoint": [
      -0.03609851954868737,
      -0.02526481740415159,
      0.8510341052406553
    ],
    "initial_pos": [
      -0.03726246071944864,
      -0.018817778916518563,
      0.8301259256221112
    ],
    "initial_rot": [
      [
        -0.9573169573099805,
        -0.28904021043232203,
        0.0
      ],
      [
        0.28904021043232203,
        -0.9573169573099805,
        0.0
      ],
      [
        0.0,
        0.0,
        1.0
      ]
    ],
    "keypoint_offset": [
      0.001163941170761268,
      -0.006447038487633026,
      0.020908179618544076
    ]
  },
  "372": {
    "geom_id": 119,
    "geom_name": "light_cube_g0_vis",
    "body_id": 22,
    "body_name": "light_cube_main",
    "initial_keypoint": [
      -0.01824718781086143,
      -0.025264298934054415,
      0.8331555935782505
    ],
    "initial_pos": [
      -0.03726246071944864,
      -0.018817778916518563,
      0.8301259256221112
    ],
    "initial_rot": [
      [
        -0.9573169573099805,
        -0.28904021043232203,
        0.0
      ],
      [
        0.28904021043232203,
        -0.9573169573099805,
        0.0
      ],
      [
        0.0,
        0.0,
        1.0
      ]
    ],
    "keypoint_offset": [
      0.019015272908587205,
      -0.006446520017535852,
      0.003029667956139348
    ]
  },
  "373": {
    "geom_id": 117,
    "geom_name": "blue_cube_g0_vis",
    "body_id": 21,
    "body_name": "blue_cube_main",
    "initial_keypoint": [
      0.03472950198278135,
      -0.02349035143915137,
      0.852813443174558
    ],
    "initial_pos": [
      0.05302705010905537,
      -0.0029910101094008656,
      0.831043497638028
    ],
    "initial_rot": [
      [
        -0.9999212472029968,
        0.012549876174824396,
        0.0
      ],
      [
        -0.012549876174824396,
        -0.9999212472029968,
        0.0
      ],
      [
        0.0,
        0.0,
        1.0
      ]
    ],
    "keypoint_offset": [
      -0.018297548126274016,
      -0.020499341329750505,
      0.02176994553653
    ]
  },
  "374": {
    "geom_id": 117,
    "geom_name": "blue_cube_g0_vis",
    "body_id": 21,
    "body_name": "blue_cube_main",
    "initial_keypoint": [
      0.06582312635475018,
      -0.02273090590494708,
      0.8527925911914014
    ],
    "initial_pos": [
      0.05302705010905537,
      -0.0029910101094008656,
      0.831043497638028
    ],
    "initial_rot": [
      [
        -0.9999212472029968,
        0.012549876174824396,
        0.0
      ],
      [
        -0.012549876174824396,
        -0.9999212472029968,
        0.0
      ],
      [
        0.0,
        0.0,
        1.0
      ]
    ],
    "keypoint_offset": [
      0.012796076245694815,
      -0.019739895795546216,
      0.0217490935533734
    ]
  },
  "375": {
    "geom_id": 117,
    "geom_name": "blue_cube_g0_vis",
    "body_id": 21,
    "body_name": "blue_cube_main",
    "initial_keypoint": [
      0.0745428689991231,
      -0.023129481849570883,
      0.8276971256063654
    ],
    "initial_pos": [
      0.05302705010905537,
      -0.0029910101094008656,
      0.831043497638028
    ],
    "initial_rot": [
      [
        -0.9999212472029968,
        0.012549876174824396,
        0.0
      ],
      [
        -0.012549876174824396,
        -0.9999212472029968,
        0.0
      ],
      [
        0.0,
        0.0,
        1.0
      ]
    ],
    "keypoint_offset": [
      0.021515818890067734,
      -0.020138471740170017,
      -0.003346372031662548
    ]
  },
  "384": {
    "geom_id": 75,
    "geom_name": "gripper0_right_wiping_surface_vis",
    "body_id": 14,
    "body_name": "gripper0_right_wiping_gripper",
    "initial_keypoint": [
      -0.09191843294505952,
      0.0,
      1.10575864501445
    ],
    "initial_pos": [
      -0.11486092353263987,
      -1.7412234112780427e-06,
      1.0927170149098147
    ],
    "initial_rot": [
      [
        0.005492709325312825,
        0.9912812112728647,
        0.13164873839754898
      ],
      [
        0.9999845156155923,
        -0.005327243430900344,
        -0.0016090389907282843
      ],
      [
        -0.0008936852428997333,
        0.13165553788134624,
        -0.9912951228932062
      ]
    ],
    "keypoint_offset": [
      0.02294249058758034,
      1.7412234112780427e-06,
      0.013041630104635438
    ]
  },
  "385": {
    "geom_id": 75,
    "geom_name": "gripper0_right_wiping_surface_vis",
    "body_id": 14,
    "body_name": "gripper0_right_wiping_gripper",
    "initial_keypoint": [
      -0.08930674653013315,
      0.0,
      1.0860101612621702
    ],
    "initial_pos": [
      -0.11486092353263987,
      -1.7412234112780427e-06,
      1.0927170149098147
    ],
    "initial_rot": [
      [
        0.005492709325312825,
        0.9912812112728647,
        0.13164873839754898
      ],
      [
        0.9999845156155923,
        -0.005327243430900344,
        -0.0016090389907282843
      ],
      [
        -0.0008936852428997333,
        0.13165553788134624,
        -0.9912951228932062
      ]
    ],
    "keypoint_offset": [
      0.025554177002506714,
      1.7412234112780427e-06,
      -0.006706853647644451
    ]
  },
  "395": {
    "geom_id": 119,
    "geom_name": "light_cube_g0_vis",
    "body_id": 22,
    "body_name": "light_cube_main",
    "initial_keypoint": [
      -0.03609851954868737,
      0.0,
      0.8510341052406553
    ],
    "initial_pos": [
      -0.03726246071944864,
      -0.018817778916518563,
      0.8301259256221112
    ],
    "initial_rot": [
      [
        -0.9573169573099805,
        -0.28904021043232203,
        0.0
      ],
      [
        0.28904021043232203,
        -0.9573169573099805,
        0.0
      ],
      [
        0.0,
        0.0,
        1.0
      ]
    ],
    "keypoint_offset": [
      0.001163941170761268,
      0.018817778916518563,
      0.020908179618544076
    ]
  },
  "396": {
    "geom_id": 119,
    "geom_name": "light_cube_g0_vis",
    "body_id": 22,
    "body_name": "light_cube_main",
    "initial_keypoint": [
      -0.026512911555122476,
      0.0,
      0.82491224333395
    ],
    "initial_pos": [
      -0.03726246071944864,
      -0.018817778916518563,
      0.8301259256221112
    ],
    "initial_rot": [
      [
        -0.9573169573099805,
        -0.28904021043232203,
        0.0
      ],
      [
        0.28904021043232203,
        -0.9573169573099805,
        0.0
      ],
      [
        0.0,
        0.0,
        1.0
      ]
    ],
    "keypoint_offset": [
      0.010749549164326161,
      0.018817778916518563,
      -0.005213682288161214
    ]
  },
  "397": {
    "geom_id": 117,
    "geom_name": "blue_cube_g0_vis",
    "body_id": 21,
    "body_name": "blue_cube_main",
    "initial_keypoint": [
      0.03473129503051137,
      0.0,
      0.8528153592195917
    ],
    "initial_pos": [
      0.05302705010905537,
      -0.0029910101094008656,
      0.831043497638028
    ],
    "initial_rot": [
      [
        -0.9999212472029968,
        0.012549876174824396,
        0.0
      ],
      [
        -0.012549876174824396,
        -0.9999212472029968,
        0.0
      ],
      [
        0.0,
        0.0,
        1.0
      ]
    ],
    "keypoint_offset": [
      -0.018295755078544,
      0.0029910101094008656,
      0.021771861581563745
    ]
  },
  "398": {
    "geom_id": 117,
    "geom_name": "blue_cube_g0_vis",
    "body_id": 21,
    "body_name": "blue_cube_main",
    "initial_keypoint": [
      0.06582312635475018,
      0.0,
      0.8527925911914014
    ],
    "initial_pos": [
      0.05302705010905537,
      -0.0029910101094008656,
      0.831043497638028
    ],
    "initial_rot": [
      [
        -0.9999212472029968,
        0.012549876174824396,
        0.0
      ],
      [
        -0.012549876174824396,
        -0.9999212472029968,
        0.0
      ],
      [
        0.0,
        0.0,
        1.0
      ]
    ],
    "keypoint_offset": [
      0.012796076245694815,
      0.0029910101094008656,
      0.0217490935533734
    ]
  },
  "399": {
    "geom_id": 117,
    "geom_name": "blue_cube_g0_vis",
    "body_id": 21,
    "body_name": "blue_cube_main",
    "initial_keypoint": [
      0.07425278402394153,
      0.0,
      0.8273410093132872
    ],
    "initial_pos": [
      0.05302705010905537,
      -0.0029910101094008656,
      0.831043497638028
    ],
    "initial_rot": [
      [
        -0.9999212472029968,
        0.012549876174824396,
        0.0
      ],
      [
        -0.012549876174824396,
        -0.9999212472029968,
        0.0
      ],
      [
        0.0,
        0.0,
        1.0
      ]
    ],
    "keypoint_offset": [
      0.021225733914886163,
      0.0029910101094008656,
      -0.003702488324740738
    ]
  },
  "408": {
    "geom_id": 75,
    "geom_name": "gripper0_right_wiping_surface_vis",
    "body_id": 14,
    "body_name": "gripper0_right_wiping_gripper",
    "initial_keypoint": [
      -0.09181418563503174,
      0.02041667965005204,
      1.1058016602389096
    ],
    "initial_pos": [
      -0.11486092353263987,
      -1.7412234112780427e-06,
      1.0927170149098147
    ],
    "initial_rot": [
      [
        0.005492709325312825,
        0.9912812112728647,
        0.13164873839754898
      ],
      [
        0.9999845156155923,
        -0.005327243430900344,
        -0.0016090389907282843
      ],
      [
        -0.0008936852428997333,
        0.13165553788134624,
        -0.9912951228932062
      ]
    ],
    "keypoint_offset": [
      0.023046737897608124,
      0.02041842087346332,
      0.013084645329094924
    ]
  },
  "409": {
    "geom_id": 75,
    "geom_name": "gripper0_right_wiping_surface_vis",
    "body_id": 14,
    "body_name": "gripper0_right_wiping_gripper",
    "initial_keypoint": [
      -0.08920084945558371,
      0.02083406248022453,
      1.0860575996324207
    ],
    "initial_pos": [
      -0.11486092353263987,
      -1.7412234112780427e-06,
      1.0927170149098147
    ],
    "initial_rot": [
      [
        0.005492709325312825,
        0.9912812112728647,
        0.13164873839754898
      ],
      [
        0.9999845156155923,
        -0.005327243430900344,
        -0.0016090389907282843
      ],
      [
        -0.0008936852428997333,
        0.13165553788134624,
        -0.9912951228932062
      ]
    ],
    "keypoint_offset": [
      0.025660074077056158,
      0.02083580370363581,
      -0.0066594152773939985
    ]
  },
  "418": {
    "geom_id": 123,
    "geom_name": "red_cube_g0_vis",
    "body_id": 24,
    "body_name": "red_cube_main",
    "initial_keypoint": [
      -0.07111046151514899,
      0.026047987060143645,
      0.8540105990629299
    ],
    "initial_pos": [
      -0.056477167000325415,
      0.039677812919564515,
      0.8316023493782262
    ],
    "initial_rot": [
      [
        0.9868965076924142,
        -0.16135452613582438,
        0.0
      ],
      [
        0.16135452613582438,
        0.9868965076924142,
        0.0
      ],
      [
        0.0,
        0.0,
        0.9999999999999999
      ]
    ],
    "keypoint_offset": [
      -0.014633294514823578,
      -0.01362982585942087,
      0.022408249684703674
    ]
  },
  "419": {
    "geom_id": 123,
    "geom_name": "red_cube_g0_vis",
    "body_id": 24,
    "body_name": "red_cube_main",
    "initial_keypoint": [
      -0.03292982375164799,
      0.025115485671639255,
      0.8539833227369485
    ],
    "initial_pos": [
      -0.056477167000325415,
      0.039677812919564515,
      0.8316023493782262
    ],
    "initial_rot": [
      [
        0.9868965076924142,
        -0.16135452613582438,
        0.0
      ],
      [
        0.16135452613582438,
        0.9868965076924142,
        0.0
      ],
      [
        0.0,
        0.0,
        0.9999999999999999
      ]
    ],
    "keypoint_offset": [
      0.023547343248677424,
      -0.01456232724792526,
      0.022380973358722356
    ]
  },
  "420": {
    "geom_id": 123,
    "geom_name": "red_cube_g0_vis",
    "body_id": 24,
    "body_name": "red_cube_main",
    "initial_keypoint": [
      -0.03308680642995043,
      0.025987723141031212,
      0.8183561425496665
    ],
    "initial_pos": [
      -0.056477167000325415,
      0.039677812919564515,
      0.8316023493782262
    ],
    "initial_rot": [
      [
        0.9868965076924142,
        -0.16135452613582438,
        0.0
      ],
      [
        0.16135452613582438,
        0.9868965076924142,
        0.0
      ],
      [
        0.0,
        0.0,
        0.9999999999999999
      ]
    ],
    "keypoint_offset": [
      0.023390360570374982,
      -0.013690089778533303,
      -0.013246206828559703
    ]
  },
  "425": {
    "geom_id": 121,
    "geom_name": "green_cube_g0_vis",
    "body_id": 23,
    "body_name": "green_cube_main",
    "initial_keypoint": [
      0.13829397818564754,
      0.02129901905665481,
      0.8388699205904261
    ],
    "initial_pos": [
      0.1252354366050015,
      0.04549507075685438,
      0.8318104828312087
    ],
    "initial_rot": [
      [
        0.9336873874143066,
        0.35808918244404786,
        0.0
      ],
      [
        -0.35808918244404786,
        0.9336873874143066,
        0.0
      ],
      [
        0.0,
        0.0,
        1.0
      ]
    ],
    "keypoint_offset": [
      0.013058541580646038,
      -0.02419605170019957,
      0.007059437759217357
    ]
  },
  "432": {
    "geom_id": 75,
    "geom_name": "gripper0_right_wiping_surface_vis",
    "body_id": 14,
    "body_name": "gripper0_right_wiping_gripper",
    "initial_keypoint": [
      -0.09170999796305324,
      0.040826170671058336,
      1.105844650855117
    ],
    "initial_pos": [
      -0.11486092353263987,
      -1.7412234112780427e-06,
      1.0927170149098147
    ],
    "initial_rot": [
      [
        0.005492709325312825,
        0.9912812112728647,
        0.13164873839754898
      ],
      [
        0.9999845156155923,
        -0.005327243430900344,
        -0.0016090389907282843
      ],
      [
        -0.0008936852428997333,
        0.13165553788134624,
        -0.9912951228932062
      ]
    ],
    "keypoint_offset": [
      0.02315092556958663,
      0.04082791189446961,
      0.013127635945302307
    ]
  },
  "433": {
    "geom_id": 75,
    "geom_name": "gripper0_right_wiping_surface_vis",
    "body_id": 14,
    "body_name": "gripper0_right_wiping_gripper",
    "initial_keypoint": [
      -0.08909495238103438,
      0.04166063594793432,
      1.0861050380026713
    ],
    "initial_pos": [
      -0.11486092353263987,
      -1.7412234112780427e-06,
      1.0927170149098147
    ],
    "initial_rot": [
      [
        0.005492709325312825,
        0.9912812112728647,
        0.13164873839754898
      ],
      [
        0.9999845156155923,
        -0.005327243430900344,
        -0.0016090389907282843
      ],
      [
        -0.0008936852428997333,
        0.13165553788134624,
        -0.9912951228932062
      ]
    ],
    "keypoint_offset": [
      0.02576597115160549,
      0.0416623771713456,
      -0.006611976907143324
    ]
  },
  "442": {
    "geom_id": 123,
    "geom_name": "red_cube_g0_vis",
    "body_id": 24,
    "body_name": "red_cube_main",
    "initial_keypoint": [
      -0.07110802559593743,
      0.052095751918817074,
      0.8540127145733116
    ],
    "initial_pos": [
      -0.056477167000325415,
      0.039677812919564515,
      0.8316023493782262
    ],
    "initial_rot": [
      [
        0.9868965076924142,
        -0.16135452613582438,
        0.0
      ],
      [
        0.16135452613582438,
        0.9868965076924142,
        0.0
      ],
      [
        0.0,
        0.0,
        0.9999999999999999
      ]
    ],
    "keypoint_offset": [
      -0.014630858595612015,
      0.012417938999252559,
      0.022410365195085435
    ]
  },
  "443": {
    "geom_id": 123,
    "geom_name": "red_cube_g0_vis",
    "body_id": 24,
    "body_name": "red_cube_main",
    "initial_keypoint": [
      -0.0370923222976306,
      0.05062330507252601,
      0.8501091377957568
    ],
    "initial_pos": [
      -0.056477167000325415,
      0.039677812919564515,
      0.8316023493782262
    ],
    "initial_rot": [
      [
        0.9868965076924142,
        -0.16135452613582438,
        0.0
      ],
      [
        0.16135452613582438,
        0.9868965076924142,
        0.0
      ],
      [
        0.0,
        0.0,
        0.9999999999999999
      ]
    ],
    "keypoint_offset": [
      0.019384844702694817,
      0.010945492152961499,
      0.018506788417530617
    ]
  },
  "444": {
    "geom_id": 123,
    "geom_name": "red_cube_g0_vis",
    "body_id": 24,
    "body_name": "red_cube_main",
    "initial_keypoint": [
      -0.03741237143820575,
      0.05239718467253538,
      0.8140422858964853
    ],
    "initial_pos": [
      -0.056477167000325415,
      0.039677812919564515,
      0.8316023493782262
    ],
    "initial_rot": [
      [
        0.9868965076924142,
        -0.16135452613582438,
        0.0
      ],
      [
        0.16135452613582438,
        0.9868965076924142,
        0.0
      ],
      [
        0.0,
        0.0,
        0.9999999999999999
      ]
    ],
    "keypoint_offset": [
      0.019064795562119666,
      0.012719371752970866,
      -0.017560063481740884
    ]
  },
  "448": {
    "geom_id": 121,
    "geom_name": "green_cube_g0_vis",
    "body_id": 23,
    "body_name": "green_cube_main",
    "initial_keypoint": [
      0.12350428452980511,
      0.04256970742585688,
      0.8542809055799437
    ],
    "initial_pos": [
      0.1252354366050015,
      0.04549507075685438,
      0.8318104828312087
    ],
    "initial_rot": [
      [
        0.9336873874143066,
        0.35808918244404786,
        0.0
      ],
      [
        -0.35808918244404786,
        0.9336873874143066,
        0.0
      ],
      [
        0.0,
        0.0,
        1.0
      ]
    ],
    "keypoint_offset": [
      -0.0017311520751963905,
      -0.0029253633309975005,
      0.02247042274873501
    ]
  },
  "449": {
    "geom_id": 121,
    "geom_name": "green_cube_g0_vis",
    "body_id": 23,
    "body_name": "green_cube_main",
    "initial_keypoint": [
      0.14611921564225172,
      0.041676461630424266,
      0.8499278350330166
    ],
    "initial_pos": [
      0.1252354366050015,
      0.04549507075685438,
      0.8318104828312087
    ],
    "initial_rot": [
      [
        0.9336873874143066,
        0.35808918244404786,
        0.0
      ],
      [
        -0.35808918244404786,
        0.9336873874143066,
        0.0
      ],
      [
        0.0,
        0.0,
        1.0
      ]
    ],
    "keypoint_offset": [
      0.020883779037250222,
      -0.003818609126430117,
      0.01811735220180788
    ]
  },
  "450": {
    "geom_id": 121,
    "geom_name": "green_cube_g0_vis",
    "body_id": 23,
    "body_name": "green_cube_main",
    "initial_keypoint": [
      0.14676236982330143,
      0.043405584093552954,
      0.8138132731822578
    ],
    "initial_pos": [
      0.1252354366050015,
      0.04549507075685438,
      0.8318104828312087
    ],
    "initial_rot": [
      [
        0.9336873874143066,
        0.35808918244404786,
        0.0
      ],
      [
        -0.35808918244404786,
        0.9336873874143066,
        0.0
      ],
      [
        0.0,
        0.0,
        1.0
      ]
    ],
    "keypoint_offset": [
      0.021526933218299932,
      -0.002089486663301429,
      -0.017997209648950907
    ]
  },
  "472": {
    "geom_id": 121,
    "geom_name": "green_cube_g0_vis",
    "body_id": 23,
    "body_name": "green_cube_main",
    "initial_keypoint": [
      0.12350297439784247,
      0.06385478334025554,
      0.8542791805737793
    ],
    "initial_pos": [
      0.1252354366050015,
      0.04549507075685438,
      0.8318104828312087
    ],
    "initial_rot": [
      [
        0.9336873874143066,
        0.35808918244404786,
        0.0
      ],
      [
        -0.35808918244404786,
        0.9336873874143066,
        0.0
      ],
      [
        0.0,
        0.0,
        1.0
      ]
    ],
    "keypoint_offset": [
      -0.00173246220715903,
      0.01835971258340116,
      0.022468697742570543
    ]
  },
  "473": {
    "geom_id": 121,
    "geom_name": "green_cube_g0_vis",
    "body_id": 23,
    "body_name": "green_cube_main",
    "initial_keypoint": [
      0.1350196380997042,
      0.06447548463051915,
      0.8342429207419105
    ],
    "initial_pos": [
      0.1252354366050015,
      0.04549507075685438,
      0.8318104828312087
    ],
    "initial_rot": [
      [
        0.9336873874143066,
        0.35808918244404786,
        0.0
      ],
      [
        -0.35808918244404786,
        0.9336873874143066,
        0.0
      ],
      [
        0.0,
        0.0,
        1.0
      ]
    ],
    "keypoint_offset": [
      0.009784201494702688,
      0.018980413873664767,
      0.0024324379107018013
    ]
  },
  "495": {
    "geom_id": 125,
    "geom_name": "dark_cube_g0_vis",
    "body_id": 25,
    "body_name": "dark_cube_main",
    "initial_keypoint": [
      0.09442710599262888,
      0.08819399377374254,
      0.852107561770405
    ],
    "initial_pos": [
      0.09931770256407985,
      0.10543561805824578,
      0.8307122544301857
    ],
    "initial_rot": [
      [
        0.38303936474527983,
        -0.9237320201527782,
        0.0
      ],
      [
        0.9237320201527782,
        0.38303936474527983,
        0.0
      ],
      [
        0.0,
        0.0,
        1.0
      ]
    ],
    "keypoint_offset": [
      -0.004890596571450967,
      -0.017241624284503237,
      0.021395307340219327
    ]
  },
  "496": {
    "geom_id": 125,
    "geom_name": "dark_cube_g0_vis",
    "body_id": 25,
    "body_name": "dark_cube_main",
    "initial_keypoint": [
      0.11446248157477334,
      0.08718409632128774,
      0.8423758713694076
    ],
    "initial_pos": [
      0.09931770256407985,
      0.10543561805824578,
      0.8307122544301857
    ],
    "initial_rot": [
      [
        0.38303936474527983,
        -0.9237320201527782,
        0.0
      ],
      [
        0.9237320201527782,
        0.38303936474527983,
        0.0
      ],
      [
        0.0,
        0.0,
        1.0
      ]
    ],
    "keypoint_offset": [
      0.015144779010693499,
      -0.018251521736958043,
      0.01166361693922191
    ]
  },
  "519": {
    "geom_id": 125,
    "geom_name": "dark_cube_g0_vis",
    "body_id": 25,
    "body_name": "dark_cube_main",
    "initial_keypoint": [
      0.09442563002210935,
      0.11024289341427719,
      0.852105749828405
    ],
    "initial_pos": [
      0.09931770256407985,
      0.10543561805824578,
      0.8307122544301857
    ],
    "initial_rot": [
      [
        0.38303936474527983,
        -0.9237320201527782,
        0.0
      ],
      [
        0.9237320201527782,
        0.38303936474527983,
        0.0
      ],
      [
        0.0,
        0.0,
        1.0
      ]
    ],
    "keypoint_offset": [
      -0.004892072541970494,
      0.004807275356031412,
      0.02139349539821933
    ]
  },
  "520": {
    "geom_id": 125,
    "geom_name": "dark_cube_g0_vis",
    "body_id": 25,
    "body_name": "dark_cube_main",
    "initial_keypoint": [
      0.1218379422435486,
      0.10689529453308305,
      0.8520868894060669
    ],
    "initial_pos": [
      0.09931770256407985,
      0.10543561805824578,
      0.8307122544301857
    ],
    "initial_rot": [
      [
        0.38303936474527983,
        -0.9237320201527782,
        0.0
      ],
      [
        0.9237320201527782,
        0.38303936474527983,
        0.0
      ],
      [
        0.0,
        0.0,
        1.0
      ]
    ],
    "keypoint_offset": [
      0.022520239679468756,
      0.0014596764748372737,
      0.021374634975881213
    ]
  },
  "521": {
    "geom_id": 125,
    "geom_name": "dark_cube_g0_vis",
    "body_id": 25,
    "body_name": "dark_cube_main",
    "initial_keypoint": [
      0.12418647585428744,
      0.11064868884926203,
      0.8189344803377896
    ],
    "initial_pos": [
      0.09931770256407985,
      0.10543561805824578,
      0.8307122544301857
    ],
    "initial_rot": [
      [
        0.38303936474527983,
        -0.9237320201527782,
        0.0
      ],
      [
        0.9237320201527782,
        0.38303936474527983,
        0.0
      ],
      [
        0.0,
        0.0,
        1.0
      ]
    ],
    "keypoint_offset": [
      0.02486877329020759,
      0.005213070791016253,
      -0.01177777409239611
    ]
  }
}