{
  "336": {
    "geom_id": 75,
    "geom_name": "gripper0_right_wiping_surface_vis",
    "body_id": 14,
    "body_name": "gripper0_right_wiping_gripper",
    "initial_keypoint": [
      -0.0812512136341823,
      -0.04010454670747451,
      1.1101602246129325
    ],
    "initial_pos": [
      -0.10633336503847385,
      0.018259345011336164,
      1.1073377608604844
    ],
    "initial_rot": [
      [
        -0.015710240696822052,
        0.9861795758453261,
        0.16493341845357054
      ],
      [
        0.9996858594245638,
        0.012270341832092057,
        0.021854545932026112
      ],
      [
        0.019528717413576924,
        0.16522494635150076,
        -0.986062546849501
      ]
    ],
    "keypoint_offset": [
      0.02508215140429154,
      -0.05836389171881067,
      0.002822463752448101
    ]
  },
  "360": {
    "geom_id": 75,
    "geom_name": "gripper0_right_wiping_surface_vis",
    "body_id": 14,
    "body_name": "gripper0_right_wiping_gripper",
    "initial_keypoint": [
      -0.08148272854123473,
      -0.02006026026213896,
      1.11006469537875
    ],
    "initial_pos": [
      -0.10633336503847385,
      0.018259345011336164,
      1.1073377608604844
    ],
    "initial_rot": [
      [
        -0.015710240696822052,
        0.9861795758453261,
        0.16493341845357054
      ],
      [
        0.9996858594245638,
        0.012270341832092057,
        0.021854545932026112
      ],
      [
        0.019528717413576924,
        0.16522494635150076,
        -0.986062546849501
      ]
    ],
    "keypoint_offset": [
      0.02485063649723912,
      -0.038319605273475124,
      0.002726934518265667
    ]
  },
  "384": {
    "geom_id": 75,
    "geom_name": "gripper0_right_wiping_surface_vis",
    "body_id": 14,
    "body_name": "gripper0_right_wiping_gripper",
    "initial_keypoint": [
      -0.0817163307800095,
      0.0,
      1.109968304855748
    ],
    "initial_pos": [
      -0.10633336503847385,
      0.018259345011336164,
      1.1073377608604844
    ],
    "initial_rot": [
      [
        -0.015710240696822052,
        0.9861795758453261,
        0.16493341845357054
      ],
      [
        0.9996858594245638,
        0.012270341832092057,
        0.021854545932026112
      ],
      [
        0.019528717413576924,
        0.16522494635150076,
        -0.986062546849501
      ]
    ],
    "keypoint_offset": [
      0.024617034258464343,
      -0.018259345011336164,
      0.0026305439952636345
    ]
  },
  "408": {
    "geom_id": 75,
    "geom_name": "gripper0_right_wiping_surface_vis",
    "body_id": 14,
    "body_name": "gripper0_right_wiping_gripper",
    "initial_keypoint": [
      -0.081950111932932,
      0.020076384270676883,
      1.1098718405079904
    ],
    "initial_pos": [
      -0.10633336503847385,
      0.018259345011336164,
      1.1073377608604844
    ],
    "initial_rot": [
      [
        -0.015710240696822052,
        0.9861795758453261,
        0.16493341845357054
      ],
      [
        0.9996858594245638,
        0.012270341832092057,
        0.021854545932026112
      ],
      [
        0.019528717413576924,
        0.16522494635150076,
        -0.986062546849501
      ]
    ],
    "keypoint_offset": [
      0.024383253105541847,
      0.0018170392593407185,
      0.00253407964750596
    ]
  },
  "424": {
    "geom_id": 119,
    "geom_name": "light_cube_g0_vis",
    "body_id": 22,
    "body_name": "light_cube_main",
    "initial_keypoint": [
      0.1224160379720623,
      0.021346376773705444,
      0.8528480483761471
    ],
    "initial_pos": [
      0.1326237496409853,
      0.03464610688834979,
      0.83109296593897
    ],
    "initial_rot": [
      [
        -0.17005387950597356,
        0.9854347660119201,
        0.0
      ],
      [
        -0.9854347660119201,
        -0.17005387950597356,
        0.0
      ],
      [
        0.0,
        0.0,
        1.0
      ]
    ],
    "keypoint_offset": [
      -0.010207711668923009,
      -0.013299730114644349,
      0.021755082437177165
    ]
  },
  "425": {
    "geom_id": 119,
    "geom_name": "light_cube_g0_vis",
    "body_id": 22,
    "body_name": "light_cube_main",
    "initial_keypoint": [
      0.14817157427221433,
      0.020717377904466015,
      0.852828041737477
    ],
    "initial_pos": [
      0.1326237496409853,
      0.03464610688834979,
      0.83109296593897
    ],
    "initial_rot": [
      [
        -0.17005387950597356,
        0.9854347660119201,
        0.0
      ],
      [
        -0.9854347660119201,
        -0.17005387950597356,
        0.0
      ],
      [
        0.0,
        0.0,
        1.0
      ]
    ],
    "keypoint_offset": [
      0.01554782463122903,
      -0.013928728983883778,
      0.021735075798506975
    ]
  },
  "426": {
    "geom_id": 119,
    "geom_name": "light_cube_g0_vis",
    "body_id": 22,
    "body_name": "light_cube_main",
    "initial_keypoint": [
      0.15060666223302832,
      0.021466600113619276,
      0.8196486043814584
    ],
    "initial_pos": [
      0.1326237496409853,
      0.03464610688834979,
      0.83109296593897
    ],
    "initial_rot": [
      [
        -0.17005387950597356,
        0.9854347660119201,
        0.0
      ],
      [
        -0.9854347660119201,
        -0.17005387950597356,
        0.0
      ],
      [
        0.0,
        0.0,
        1.0
      ]
    ],
    "keypoint_offset": [
      0.017982912592043016,
      -0.013179506774730516,
      -0.011444361557511606
    ]
  },
  "432": {
    "geom_id": 75,
    "geom_name": "gripper0_right_wiping_surface_vis",
    "body_id": 14,
    "body_name": "gripper0_right_wiping_gripper",
    "initial_keypoint": [
      -0.08218413163805138,
      0.04016891518152291,
      1.1097752777272245
    ],
    "initial_pos": [
      -0.10633336503847385,
      0.018259345011336164,
      1.1073377608604844
    ],
    "initial_rot": [
      [
        -0.015710240696822052,
        0.9861795758453261,
        0.16493341845357054
      ],
      [
        0.9996858594245638,
        0.012270341832092057,
        0.021854545932026112
      ],
      [
        0.019528717413576924,
        0.16522494635150076,
        -0.986062546849501
      ]
    ],
    "keypoint_offset": [
      0.024149233400422465,
      0.021909570170186743,
      0.002437516866740097
    ]
  },
  "444": {
    "geom_id": 121,
    "geom_name": "red_cube_g0_vis",
    "body_id": 23,
    "body_name": "red_cube_main",
    "initial_keypoint": [
      -0.0005469025310617104,
      0.048802837230927695,
      0.8508079680707725
    ],
    "initial_pos": [
      -0.00906826246652398,
      0.0674954169311262,
      0.8319786880598802
    ],
    "initial_rot": [
      [
        -0.9460659091348707,
        0.32397422053739205,
        0.0
      ],
      [
        -0.32397422053739205,
        -0.9460659091348707,
        0.0
      ],
      [
        0.0,
        0.0,
        1.0
      ]
    ],
    "keypoint_offset": [
      0.00852135993546227,
      -0.01869257970019851,
      0.018829280010892346
    ]
  },
  "445": {
    "geom_id": 121,
    "geom_name": "red_cube_g0_vis",
    "body_id": 23,
    "body_name": "red_cube_main",
    "initial_keypoint": [
      0.0033912250235719754,
      0.05014508636019738,
      0.8193254612702877
    ],
    "initial_pos": [
      -0.00906826246652398,
      0.0674954169311262,
      0.8319786880598802
    ],
    "initial_rot": [
      [
        -0.9460659091348707,
        0.32397422053739205,
        0.0
      ],
      [
        -0.32397422053739205,
        -0.9460659091348707,
        0.0
      ],
      [
        0.0,
        0.0,
        1.0
      ]
    ],
    "keypoint_offset": [
      0.012459487490095955,
      -0.01735033057092883,
      -0.012653226789592464
    ]
  },
  "448": {
    "geom_id": 119,
    "geom_name": "light_cube_g0_vis",
    "body_id": 22,
    "body_name": "light_cube_main",
    "initial_keypoint": [
      0.1224160379720623,
      0.04269275354741089,
      0.8528480483761471
    ],
    "initial_pos": [
      0.1326237496409853,
      0.03464610688834979,
      0.83109296593897
    ],
    "initial_rot": [
      [
        -0.17005387950597356,
        0.9854347660119201,
        0.0
      ],
      [
        -0.9854347660119201,
        -0.17005387950597356,
        0.0
      ],
      [
        0.0,
        0.0,
        1.0
      ]
    ],
    "keypoint_offset": [
      -0.010207711668923009,
      0.008046646659061095,
      0.021755082437177165
    ]
  },
  "449": {
    "geom_id": 119,
    "geom_name": "light_cube_g0_vis",
    "body_id": 22,
    "body_name": "light_cube_main",
    "initial_keypoint": [
      0.14817157427221433,
      0.04143475580893203,
      0.852828041737477
    ],
    "initial_pos": [
      0.1326237496409853,
      0.03464610688834979,
      0.83109296593897
    ],
    "initial_rot": [
      [
        -0.17005387950597356,
        0.9854347660119201,
        0.0
      ],
      [
        -0.9854347660119201,
        -0.17005387950597356,
        0.0
      ],
      [
        0.0,
        0.0,
        1.0
      ]
    ],
    "keypoint_offset": [
      0.01554782463122903,
      0.006788648920582237,
      0.021735075798506975
    ]
  },
  "450": {
    "geom_id": 119,
    "geom_name": "light_cube_g0_vis",
    "body_id": 22,
    "body_name": "light_cube_main",
    "initial_keypoint": [
      0.1542391502046757,
      0.04248684273683389,
      0.8251624332301802
    ],
    "initial_pos": [
      0.1326237496409853,
      0.03464610688834979,
      0.83109296593897
    ],
    "initial_rot": [
      [
        -0.17005387950597356,
        0.9854347660119201,
        0.0
      ],
      [
        -0.9854347660119201,
        -0.17005387950597356,
        0.0
      ],
      [
        0.0,
        0.0,
        1.0
      ]
    ],
    "keypoint_offset": [
      0.021615400563690407,
      0.007840735848484097,
      -0.0059305327087897375
    ]
  },
  "456": {
    "geom_id": 75,
    "geom_name": "gripper0_right_wiping_surface_vis",
    "body_id": 14,
    "body_name": "gripper0_right_wiping_gripper",
    "initial_keypoint": [
      -0.08241827061926921,
      0.0602776050770642,
      1.1096786657299549
    ],
    "initial_pos": [
      -0.10633336503847385,
      0.018259345011336164,
      1.1073377608604844
    ],
    "initial_rot": [
      [
        -0.015710240696822052,
        0.9861795758453261,
        0.16493341845357054
      ],
      [
        0.9996858594245638,
        0.012270341832092057,
        0.021854545932026112
      ],
      [
        0.019528717413576924,
        0.16522494635150076,
        -0.986062546849501
      ]
    ],
    "keypoint_offset": [
      0.02391509441920464,
      0.042018260065728036,
      0.0023409048694704726
    ]
  },
  "467": {
    "geom_id": 121,
    "geom_name": "red_cube_g0_vis",
    "body_id": 23,
    "body_name": "red_cube_main",
    "initial_keypoint": [
      -0.03212282832842628,
      0.0752323627322241,
      0.854734421982202
    ],
    "initial_pos": [
      -0.00906826246652398,
      0.0674954169311262,
      0.8319786880598802
    ],
    "initial_rot": [
      [
        -0.9460659091348707,
        0.32397422053739205,
        0.0
      ],
      [
        -0.32397422053739205,
        -0.9460659091348707,
        0.0
      ],
      [
        0.0,
        0.0,
        1.0
      ]
    ],
    "keypoint_offset": [
      -0.0230545658619023,
      0.007736945801097891,
      0.022755733922321775
    ]
  },
  "468": {
    "geom_id": 121,
    "geom_name": "red_cube_g0_vis",
    "body_id": 23,
    "body_name": "red_cube_main",
    "initial_keypoint": [
      0.003362278521651163,
      0.07263254380804783,
      0.8547065678283885
    ],
    "initial_pos": [
      -0.00906826246652398,
      0.0674954169311262,
      0.8319786880598802
    ],
    "initial_rot": [
      [
        -0.9460659091348707,
        0.32397422053739205,
        0.0
      ],
      [
        -0.32397422053739205,
        -0.9460659091348707,
        0.0
      ],
      [
        0.0,
        0.0,
        1.0
      ]
    ],
    "keypoint_offset": [
      0.012430540988175143,
      0.005137126876921624,
      0.02272787976850832
    ]
  },
  "469": {
    "geom_id": 121,
    "geom_name": "red_cube_g0_vis",
    "body_id": 23,
    "body_name": "red_cube_main",
    "initial_keypoint": [
      0.009399116700634036,
      0.07430765896938753,
      0.8257454749815121
    ],
    "initial_pos": [
      -0.00906826246652398,
      0.0674954169311262,
      0.8319786880598802
    ],
    "initial_rot": [
      [
        -0.9460659091348707,
        0.32397422053739205,
        0.0
      ],
      [
        -0.32397422053739205,
        -0.9460659091348707,
        0.0
      ],
      [
        0.0,
        0.0,
        1.0
      ]
    ],
    "keypoint_offset": [
      0.018467379167158016,
      0.006812242038261321,
      -0.006233213078368105
    ]
  },
  "517": {
    "geom_id": 117,
    "geom_name": "blue_cube_g0_vis",
    "body_id": 21,
    "body_name": "blue_cube_main",
    "initial_keypoint": [
      0.034045454273774534,
      0.1176244365420102,
      0.8520824719941483
    ],
    "initial_pos": [
      0.03518678210853021,
      0.11976799491818516,
      0.8306770989687089
    ],
    "initial_rot": [
      [
        0.2159108904827221,
        -0.9764130721016376,
        0.0
      ],
      [
        0.9764130721016376,
        0.2159108904827221,
        0.0
      ],
      [
        0.0,
        0.0,
        1.0
      ]
    ],
    "keypoint_offset": [
      -0.0011413278347556788,
      -0.002143558376174956,
      0.021405373025439434
    ]
  },
  "518": {
    "geom_id": 117,
    "geom_name": "blue_cube_g0_vis",
    "body_id": 21,
    "body_name": "blue_cube_main",
    "initial_keypoint": [
      0.05516406786086636,
      0.11644475247725691,
      0.8405861307008006
    ],
    "initial_pos": [
      0.03518678210853021,
      0.11976799491818516,
      0.8306770989687089
    ],
    "initial_rot": [
      [
        0.2159108904827221,
        -0.9764130721016376,
        0.0
      ],
      [
        0.9764130721016376,
        0.2159108904827221,
        0.0
      ],
      [
        0.0,
        0.0,
        1.0
      ]
    ],
    "keypoint_offset": [
      0.01997728575233615,
      -0.0033232424409282424,
      0.009909031732091678
    ]
  }
}