{
  "274": {
    "geom_id": 117,
    "geom_name": "red_cube_g0_vis",
    "body_id": 21,
    "body_name": "red_cube_main",
    "initial_keypoint": [
      -0.07094829244911927,
      -0.13020295315787414,
      0.8541514372077912
    ],
    "initial_pos": [
      -0.06780990783203936,
      -0.11972822827354655,
      0.8316725050335775
    ],
    "initial_rot": [
      [
        -0.972810309809239,
        -0.23160332711092976,
        0.0
      ],
      [
        0.23160332711092976,
        -0.972810309809239,
        0.0
      ],
      [
        0.0,
        0.0,
        0.9999999999999999
      ]
    ],
    "keypoint_offset": [
      -0.003138384617079909,
      -0.010474724884327588,
      0.022478932174213706
    ]
  },
  "275": {
    "geom_id": 117,
    "geom_name": "red_cube_g0_vis",
    "body_id": 21,
    "body_name": "red_cube_main",
    "initial_keypoint": [
      -0.04893278092353848,
      -0.1293483004659447,
      0.8390888032542424
    ],
    "initial_pos": [
      -0.06780990783203936,
      -0.11972822827354655,
      0.8316725050335775
    ],
    "initial_rot": [
      [
        -0.972810309809239,
        -0.23160332711092976,
        0.0
      ],
      [
        0.23160332711092976,
        -0.972810309809239,
        0.0
      ],
      [
        0.0,
        0.0,
        0.9999999999999999
      ]
    ],
    "keypoint_offset": [
      0.01887712690850088,
      -0.009620072192398146,
      0.007416298220664919
    ]
  },
  "298": {
    "geom_id": 117,
    "geom_name": "red_cube_g0_vis",
    "body_id": 21,
    "body_name": "red_cube_main",
    "initial_keypoint": [
      -0.07094829244911927,
      -0.10416236252629932,
      0.8541514372077912
    ],
    "initial_pos": [
      -0.06780990783203936,
      -0.11972822827354655,
      0.8316725050335775
    ],
    "initial_rot": [
      [
        -0.972810309809239,
        -0.23160332711092976,
        0.0
      ],
      [
        0.23160332711092976,
        -0.972810309809239,
        0.0
      ],
      [
        0.0,
        0.0,
        0.9999999999999999
      ]
    ],
    "keypoint_offset": [
      -0.003138384617079909,
      0.015565865747247234,
      0.022478932174213706
    ]
  },
  "299": {
    "geom_id": 117,
    "geom_name": "red_cube_g0_vis",
    "body_id": 21,
    "body_name": "red_cube_main",
    "initial_keypoint": [
      -0.050441515293628614,
      -0.10376305002495016,
      0.8376845706972118
    ],
    "initial_pos": [
      -0.06780990783203936,
      -0.11972822827354655,
      0.8316725050335775
    ],
    "initial_rot": [
      [
        -0.972810309809239,
        -0.23160332711092976,
        0.0
      ],
      [
        0.23160332711092976,
        -0.972810309809239,
        0.0
      ],
      [
        0.0,
        0.0,
        0.9999999999999999
      ]
    ],
    "keypoint_offset": [
      0.017368392538410743,
      0.01596517824859639,
      0.006012065663634325
    ]
  },
  "336": {
    "geom_id": 75,
    "geom_name": "gripper0_right_wiping_surface_vis",
    "body_id": 14,
    "body_name": "gripper0_right_wiping_gripper",
    "initial_keypoint": [
      -0.07713010515733243,
      -0.039820202892752746,
      1.111860704041188
    ],
    "initial_pos": [
      -0.10374700950833578,
      0.0066196103172837025,
      1.108761510040001
    ],
    "initial_rot": [
      [
        -0.04844749253121667,
        0.9846772280722204,
        0.16752192985828251
      ],
      [
        0.9988180493111399,
        0.04841862884207165,
        0.004259196090808312
      ],
      [
        -0.003917248744202573,
        0.16753027456868602,
        -0.985859149303395
      ]
    ],
    "keypoint_offset": [
      0.026616904351003348,
      -0.04643981321003645,
      0.0030991940011870778
    ]
  },
  "360": {
    "geom_id": 75,
    "geom_name": "gripper0_right_wiping_surface_vis",
    "body_id": 14,
    "body_name": "gripper0_right_wiping_gripper",
    "initial_keypoint": [
      -0.07804417753764958,
      -0.019941635538358086,
      1.1114835333631052
    ],
    "initial_pos": [
      -0.10374700950833578,
      0.0066196103172837025,
      1.108761510040001
    ],
    "initial_rot": [
      [
        -0.04844749253121667,
        0.9846772280722204,
        0.16752192985828251
      ],
      [
        0.9988180493111399,
        0.04841862884207165,
        0.004259196090808312
      ],
      [
        -0.003917248744202573,
        0.16753027456868602,
        -0.985859149303395
      ]
    ],
    "keypoint_offset": [
      0.025702831970686194,
      -0.02656124585564179,
      0.002722023323104228
    ]
  },
  "384": {
    "geom_id": 75,
    "geom_name": "gripper0_right_wiping_surface_vis",
    "body_id": 14,
    "body_name": "gripper0_right_wiping_gripper",
    "initial_keypoint": [
      -0.0789611721823783,
      0.0,
      1.1111051568806756
    ],
    "initial_pos": [
      -0.10374700950833578,
      0.0066196103172837025,
      1.108761510040001
    ],
    "initial_rot": [
      [
        -0.04844749253121667,
        0.9846772280722204,
        0.16752192985828251
      ],
      [
        0.9988180493111399,
        0.04841862884207165,
        0.004259196090808312
      ],
      [
        -0.003917248744202573,
        0.16753027456868602,
        -0.985859149303395
      ]
    ],
    "keypoint_offset": [
      0.024785837325957474,
      -0.0066196103172837025,
      0.0023436468406745625
    ]
  },
  "408": {
    "geom_id": 75,
    "geom_name": "gripper0_right_wiping_surface_vis",
    "body_id": 14,
    "body_name": "gripper0_right_wiping_gripper",
    "initial_keypoint": [
      -0.07988108909151859,
      0.020005006163211526,
      1.110725574593899
    ],
    "initial_pos": [
      -0.10374700950833578,
      0.0066196103172837025,
      1.108761510040001
    ],
    "initial_rot": [
      [
        -0.04844749253121667,
        0.9846772280722204,
        0.16752192985828251
      ],
      [
        0.9988180493111399,
        0.04841862884207165,
        0.004259196090808312
      ],
      [
        -0.003917248744202573,
        0.16753027456868602,
        -0.985859149303395
      ]
    ],
    "keypoint_offset": [
      0.02386592041681719,
      0.013385395845927824,
      0.0019640645538980817
    ]
  },
  "432": {
    "geom_id": 75,
    "geom_name": "gripper0_right_wiping_surface_vis",
    "body_id": 14,
    "body_name": "gripper0_right_wiping_gripper",
    "initial_keypoint": [
      -0.08080386862702116,
      0.04007368127732447,
      1.1103448111110272
    ],
    "initial_pos": [
      -0.10374700950833578,
      0.0066196103172837025,
      1.108761510040001
    ],
    "initial_rot": [
      [
        -0.04844749253121667,
        0.9846772280722204,
        0.16752192985828251
      ],
      [
        0.9988180493111399,
        0.04841862884207165,
        0.004259196090808312
      ],
      [
        -0.003917248744202573,
        0.16753027456868602,
        -0.985859149303395
      ]
    ],
    "keypoint_offset": [
      0.02294314088131462,
      0.033454070960040765,
      0.0015833010710262219
    ]
  },
  "456": {
    "geom_id": 75,
    "geom_name": "gripper0_right_wiping_surface_vis",
    "body_id": 14,
    "body_name": "gripper0_right_wiping_gripper",
    "initial_keypoint": [
      -0.08172963006498446,
      0.06020633395549191,
      1.1099628172155567
    ],
    "initial_pos": [
      -0.10374700950833578,
      0.0066196103172837025,
      1.108761510040001
    ],
    "initial_rot": [
      [
        -0.04844749253121667,
        0.9846772280722204,
        0.16752192985828251
      ],
      [
        0.9988180493111399,
        0.04841862884207165,
        0.004259196090808312
      ],
      [
        -0.003917248744202573,
        0.16753027456868602,
        -0.985859149303395
      ]
    ],
    "keypoint_offset": [
      0.022017379443351318,
      0.053586723638208204,
      0.001201307175555666
    ]
  },
  "514": {
    "geom_id": 119,
    "geom_name": "green_cube_g0_vis",
    "body_id": 22,
    "body_name": "green_cube_main",
    "initial_keypoint": [
      -0.07210972970727503,
      0.13046781525295248,
      0.8531427696929808
    ],
    "initial_pos": [
      -0.07160030717294935,
      0.14417318868582238,
      0.8311684130104342
    ],
    "initial_rot": [
      [
        0.6444939434341173,
        0.7646094145880896,
        0.0
      ],
      [
        -0.7646094145880896,
        0.6444939434341173,
        0.0
      ],
      [
        0.0,
        0.0,
        1.0
      ]
    ],
    "keypoint_offset": [
      -0.0005094225343256764,
      -0.0137053734328699,
      0.021974356682546548
    ]
  },
  "515": {
    "geom_id": 119,
    "geom_name": "green_cube_g0_vis",
    "body_id": 22,
    "body_name": "green_cube_main",
    "initial_keypoint": [
      -0.05474869238072888,
      0.1307187383206167,
      0.8336757283095082
    ],
    "initial_pos": [
      -0.07160030717294935,
      0.14417318868582238,
      0.8311684130104342
    ],
    "initial_rot": [
      [
        0.6444939434341173,
        0.7646094145880896,
        0.0
      ],
      [
        -0.7646094145880896,
        0.6444939434341173,
        0.0
      ],
      [
        0.0,
        0.0,
        1.0
      ]
    ],
    "keypoint_offset": [
      0.01685161479222047,
      -0.013454450365205678,
      0.0025073152990739977
    ]
  },
  "538": {
    "geom_id": 119,
    "geom_name": "green_cube_g0_vis",
    "body_id": 22,
    "body_name": "green_cube_main",
    "initial_keypoint": [
      -0.07210729378806346,
      0.15656071169913233,
      0.8531448852033625
    ],
    "initial_pos": [
      -0.07160030717294935,
      0.14417318868582238,
      0.8311684130104342
    ],
    "initial_rot": [
      [
        0.6444939434341173,
        0.7646094145880896,
        0.0
      ],
      [
        -0.7646094145880896,
        0.6444939434341173,
        0.0
      ],
      [
        0.0,
        0.0,
        1.0
      ]
    ],
    "keypoint_offset": [
      -0.0005069866151141134,
      0.012387523013309948,
      0.02197647219292831
    ]
  },
  "539": {
    "geom_id": 119,
    "geom_name": "green_cube_g0_vis",
    "body_id": 22,
    "body_name": "green_cube_main",
    "initial_keypoint": [
      -0.05634421641278087,
      0.15731364138096457,
      0.8321907175377323
    ],
    "initial_pos": [
      -0.07160030717294935,
      0.14417318868582238,
      0.8311684130104342
    ],
    "initial_rot": [
      [
        0.6444939434341173,
        0.7646094145880896,
        0.0
      ],
      [
        -0.7646094145880896,
        0.6444939434341173,
        0.0
      ],
      [
        0.0,
        0.0,
        1.0
      ]
    ],
    "keypoint_offset": [
      0.015256090760168484,
      0.01314045269514219,
      0.0010223045272981235
    ]
  }
}