{
  "250": {
    "geom_id": 119,
    "geom_name": "green_cube_g0_vis",
    "body_id": 22,
    "body_name": "green_cube_main",
    "initial_keypoint": [
      -0.07226770357910717,
      -0.1566046088340264,
      0.8530055749271104
    ],
    "initial_pos": [
      -0.08790697819614376,
      -0.14337219130922615,
      0.8318087082782428
    ],
    "initial_rot": [
      [
        0.8692432768133467,
        0.4943845929181002,
        0.0
      ],
      [
        -0.4943845929181002,
        0.8692432768133467,
        0.0
      ],
      [
        0.0,
        0.0,
        1.0
      ]
    ],
    "keypoint_offset": [
      0.015639274617036597,
      -0.013232417524800255,
      0.02119686664886755
    ]
  },
  "251": {
    "geom_id": 119,
    "geom_name": "green_cube_g0_vis",
    "body_id": 22,
    "body_name": "green_cube_main",
    "initial_keypoint": [
      -0.07582461007054087,
      -0.16282197879407995,
      0.8140596246559776
    ],
    "initial_pos": [
      -0.08790697819614376,
      -0.14337219130922615,
      0.8318087082782428
    ],
    "initial_rot": [
      [
        0.8692432768133467,
        0.4943845929181002,
        0.0
      ],
      [
        -0.4943845929181002,
        0.8692432768133467,
        0.0
      ],
      [
        0.0,
        0.0,
        1.0
      ]
    ],
    "keypoint_offset": [
      0.0120823681256029,
      -0.019449787484853792,
      -0.017749083622265238
    ]
  },
  "274": {
    "geom_id": 119,
    "geom_name": "green_cube_g0_vis",
    "body_id": 22,
    "body_name": "green_cube_main",
    "initial_keypoint": [
      -0.07063631435157758,
      -0.13013180753898412,
      0.8544223792411321
    ],
    "initial_pos": [
      -0.08790697819614376,
      -0.14337219130922615,
      0.8318087082782428
    ],
    "initial_rot": [
      [
        0.8692432768133467,
        0.4943845929181002,
        0.0
      ],
      [
        -0.4943845929181002,
        0.8692432768133467,
        0.0
      ],
      [
        0.0,
        0.0,
        1.0
      ]
    ],
    "keypoint_offset": [
      0.017270663844566186,
      0.013240383770242031,
      0.022613670962889243
    ]
  },
  "275": {
    "geom_id": 119,
    "geom_name": "green_cube_g0_vis",
    "body_id": 22,
    "body_name": "green_cube_main",
    "initial_keypoint": [
      -0.06405116458905524,
      -0.13291073525010288,
      0.8250175876886218
    ],
    "initial_pos": [
      -0.08790697819614376,
      -0.14337219130922615,
      0.8318087082782428
    ],
    "initial_rot": [
      [
        0.8692432768133467,
        0.4943845929181002,
        0.0
      ],
      [
        -0.4943845929181002,
        0.8692432768133467,
        0.0
      ],
      [
        0.0,
        0.0,
        1.0
      ]
    ],
    "keypoint_offset": [
      0.023855813607088522,
      0.01046145605912327,
      -0.006791120589621058
    ]
  },
  "312": {
    "geom_id": 75,
    "geom_name": "gripper0_right_wiping_surface_vis",
    "body_id": 14,
    "body_name": "gripper0_right_wiping_gripper",
    "initial_keypoint": [
      -0.08479532398487777,
      -0.060523619138173425,
      1.1086978300225743
    ],
    "initial_pos": [
      -0.10604687069232617,
      -0.00986448531134749,
      1.0899399490872506
    ],
    "initial_rot": [
      [
        -0.03450294776351855,
        0.9921280876261888,
        0.12038024895648908
      ],
      [
        0.9993377811834215,
        0.03564224327476754,
        -0.007323222906268231
      ],
      [
        -0.011556197256040492,
        0.12004785811309031,
        -0.9927008441959922
      ]
    ],
    "keypoint_offset": [
      0.0212515467074484,
      -0.050659133826825936,
      0.018757880935323712
    ]
  },
  "313": {
    "geom_id": 75,
    "geom_name": "gripper0_right_wiping_surface_vis",
    "body_id": 14,
    "body_name": "gripper0_right_wiping_gripper",
    "initial_keypoint": [
      -0.07961378946693065,
      -0.06148519600053999,
      1.0903522839123418
    ],
    "initial_pos": [
      -0.10604687069232617,
      -0.00986448531134749,
      1.0899399490872506
    ],
    "initial_rot": [
      [
        -0.03450294776351855,
        0.9921280876261888,
        0.12038024895648908
      ],
      [
        0.9993377811834215,
        0.03564224327476754,
        -0.007323222906268231
      ],
      [
        -0.011556197256040492,
        0.12004785811309031,
        -0.9927008441959922
      ]
    ],
    "keypoint_offset": [
      0.02643308122539552,
      -0.0516207106891925,
      0.00041233482509128727
    ]
  },
  "336": {
    "geom_id": 75,
    "geom_name": "gripper0_right_wiping_surface_vis",
    "body_id": 14,
    "body_name": "gripper0_right_wiping_gripper",
    "initial_keypoint": [
      -0.0852969396168245,
      -0.04038368936185636,
      1.1084908500151787
    ],
    "initial_pos": [
      -0.10604687069232617,
      -0.00986448531134749,
      1.0899399490872506
    ],
    "initial_rot": [
      [
        -0.03450294776351855,
        0.9921280876261888,
        0.12038024895648908
      ],
      [
        0.9993377811834215,
        0.03564224327476754,
        -0.007323222906268231
      ],
      [
        -0.011556197256040492,
        0.12004785811309031,
        -0.9927008441959922
      ]
    ],
    "keypoint_offset": [
      0.020749931075501674,
      -0.03051920405050887,
      0.018550900927928105
    ]
  },
  "337": {
    "geom_id": 75,
    "geom_name": "gripper0_right_wiping_surface_vis",
    "body_id": 14,
    "body_name": "gripper0_right_wiping_gripper",
    "initial_keypoint": [
      -0.08031067367675349,
      -0.04103941413015251,
      1.0900401029450386
    ],
    "initial_pos": [
      -0.10604687069232617,
      -0.00986448531134749,
      1.0899399490872506
    ],
    "initial_rot": [
      [
        -0.03450294776351855,
        0.9921280876261888,
        0.12038024895648908
      ],
      [
        0.9993377811834215,
        0.03564224327476754,
        -0.007323222906268231
      ],
      [
        -0.011556197256040492,
        0.12004785811309031,
        -0.9927008441959922
      ]
    ],
    "keypoint_offset": [
      0.025736197015572684,
      -0.03117492881880502,
      0.00010015385778805452
    ]
  },
  "361": {
    "geom_id": 75,
    "geom_name": "gripper0_right_wiping_surface_vis",
    "body_id": 14,
    "body_name": "gripper0_right_wiping_gripper",
    "initial_keypoint": [
      -0.08100918707233873,
      -0.020544406404427756,
      1.0897271921566545
    ],
    "initial_pos": [
      -0.10604687069232617,
      -0.00986448531134749,
      1.0899399490872506
    ],
    "initial_rot": [
      [
        -0.03450294776351855,
        0.9921280876261888,
        0.12038024895648908
      ],
      [
        0.9993377811834215,
        0.03564224327476754,
        -0.007323222906268231
      ],
      [
        -0.011556197256040492,
        0.12004785811309031,
        -0.9927008441959922
      ]
    ],
    "keypoint_offset": [
      0.02503768361998744,
      -0.010679921093080266,
      -0.0002127569305960808
    ]
  },
  "385": {
    "geom_id": 75,
    "geom_name": "gripper0_right_wiping_surface_vis",
    "body_id": 14,
    "body_name": "gripper0_right_wiping_gripper",
    "initial_keypoint": [
      -0.08171136613588903,
      0.0,
      1.0894126392708388
    ],
    "initial_pos": [
      -0.10604687069232617,
      -0.00986448531134749,
      1.0899399490872506
    ],
    "initial_rot": [
      [
        -0.03450294776351855,
        0.9921280876261888,
        0.12038024895648908
      ],
      [
        0.9993377811834215,
        0.03564224327476754,
        -0.007323222906268231
      ],
      [
        -0.011556197256040492,
        0.12004785811309031,
        -0.9927008441959922
      ]
    ],
    "keypoint_offset": [
      0.02433550455643714,
      0.00986448531134749,
      -0.0005273098164118029
    ]
  },
  "408": {
    "geom_id": 75,
    "geom_name": "gripper0_right_wiping_surface_vis",
    "body_id": 14,
    "body_name": "gripper0_right_wiping_gripper",
    "initial_keypoint": [
      -0.08682623811284296,
      0.020244603128157714,
      1.1078598206096801
    ],
    "initial_pos": [
      -0.10604687069232617,
      -0.00986448531134749,
      1.0899399490872506
    ],
    "initial_rot": [
      [
        -0.03450294776351855,
        0.9921280876261888,
        0.12038024895648908
      ],
      [
        0.9993377811834215,
        0.03564224327476754,
        -0.007323222906268231
      ],
      [
        -0.011556197256040492,
        0.12004785811309031,
        -0.9927008441959922
      ]
    ],
    "keypoint_offset": [
      0.019220632579483213,
      0.030109088439505202,
      0.017919871522429576
    ]
  },
  "409": {
    "geom_id": 75,
    "geom_name": "gripper0_right_wiping_surface_vis",
    "body_id": 14,
    "body_name": "gripper0_right_wiping_gripper",
    "initial_keypoint": [
      -0.0824132542734104,
      0.02059405403107424,
      1.0890982167102161
    ],
    "initial_pos": [
      -0.10604687069232617,
      -0.00986448531134749,
      1.0899399490872506
    ],
    "initial_rot": [
      [
        -0.03450294776351855,
        0.9921280876261888,
        0.12038024895648908
      ],
      [
        0.9993377811834215,
        0.03564224327476754,
        -0.007323222906268231
      ],
      [
        -0.011556197256040492,
        0.12004785811309031,
        -0.9927008441959922
      ]
    ],
    "keypoint_offset": [
      0.023633616418915773,
      0.03045853934242173,
      -0.0008417323770344431
    ]
  },
  "432": {
    "geom_id": 75,
    "geom_name": "gripper0_right_wiping_surface_vis",
    "body_id": 14,
    "body_name": "gripper0_right_wiping_gripper",
    "initial_keypoint": [
      -0.08733709764241793,
      0.040524453993239194,
      1.107649026323228
    ],
    "initial_pos": [
      -0.10604687069232617,
      -0.00986448531134749,
      1.0899399490872506
    ],
    "initial_rot": [
      [
        -0.03450294776351855,
        0.9921280876261888,
        0.12038024895648908
      ],
      [
        0.9993377811834215,
        0.03564224327476754,
        -0.007323222906268231
      ],
      [
        -0.011556197256040492,
        0.12004785811309031,
        -0.9927008441959922
      ]
    ],
    "keypoint_offset": [
      0.018709773049908243,
      0.05038893930458668,
      0.017709077235977366
    ]
  },
  "433": {
    "geom_id": 75,
    "geom_name": "gripper0_right_wiping_surface_vis",
    "body_id": 14,
    "body_name": "gripper0_right_wiping_gripper",
    "initial_keypoint": [
      -0.0831168879671057,
      0.041237868846951097,
      1.0887830121984354
    ],
    "initial_pos": [
      -0.10604687069232617,
      -0.00986448531134749,
      1.0899399490872506
    ],
    "initial_rot": [
      [
        -0.03450294776351855,
        0.9921280876261888,
        0.12038024895648908
      ],
      [
        0.9993377811834215,
        0.03564224327476754,
        -0.007323222906268231
      ],
      [
        -0.011556197256040492,
        0.12004785811309031,
        -0.9927008441959922
      ]
    ],
    "keypoint_offset": [
      0.02292998272522047,
      0.051102354158298585,
      -0.00115693688881513
    ]
  },
  "441": {
    "geom_id": 117,
    "geom_name": "light_cube_g0_vis",
    "body_id": 21,
    "body_name": "light_cube_main",
    "initial_keypoint": [
      -0.11287514650870978,
      0.054161324441433546,
      0.8535219009628838
    ],
    "initial_pos": [
      -0.09715248323867645,
      0.05842592075408587,
      0.8313415727441339
    ],
    "initial_rot": [
      [
        0.29945557380895366,
        -0.9541102448431997,
        0.0
      ],
      [
        0.9541102448431997,
        0.29945557380895366,
        0.0
      ],
      [
        0.0,
        0.0,
        1.0
      ]
    ],
    "keypoint_offset": [
      -0.015722663270033327,
      -0.004264596312652323,
      0.022180328218749934
    ]
  },
  "442": {
    "geom_id": 117,
    "geom_name": "light_cube_g0_vis",
    "body_id": 21,
    "body_name": "light_cube_main",
    "initial_keypoint": [
      -0.07832100792948526,
      0.05275371104634152,
      0.847748492452262
    ],
    "initial_pos": [
      -0.09715248323867645,
      0.05842592075408587,
      0.8313415727441339
    ],
    "initial_rot": [
      [
        0.29945557380895366,
        -0.9541102448431997,
        0.0
      ],
      [
        0.9541102448431997,
        0.29945557380895366,
        0.0
      ],
      [
        0.0,
        0.0,
        1.0
      ]
    ],
    "keypoint_offset": [
      0.018831475309191187,
      -0.005672209707744347,
      0.01640691970812813
    ]
  },
  "443": {
    "geom_id": 117,
    "geom_name": "light_cube_g0_vis",
    "body_id": 21,
    "body_name": "light_cube_main",
    "initial_keypoint": [
      -0.07780492488756852,
      0.054460646281184785,
      0.8122164754612824
    ],
    "initial_pos": [
      -0.09715248323867645,
      0.05842592075408587,
      0.8313415727441339
    ],
    "initial_rot": [
      [
        0.29945557380895366,
        -0.9541102448431997,
        0.0
      ],
      [
        0.9541102448431997,
        0.29945557380895366,
        0.0
      ],
      [
        0.0,
        0.0,
        1.0
      ]
    ],
    "keypoint_offset": [
      0.019347558351107935,
      -0.003965274472901084,
      -0.0191250972828515
    ]
  },
  "466": {
    "geom_id": 117,
    "geom_name": "light_cube_g0_vis",
    "body_id": 21,
    "body_name": "light_cube_main",
    "initial_keypoint": [
      -0.10355483037103241,
      0.08258326263127728,
      0.8258338028790202
    ],
    "initial_pos": [
      -0.09715248323867645,
      0.05842592075408587,
      0.8313415727441339
    ],
    "initial_rot": [
      [
        0.29945557380895366,
        -0.9541102448431997,
        0.0
      ],
      [
        0.9541102448431997,
        0.29945557380895366,
        0.0
      ],
      [
        0.0,
        0.0,
        1.0
      ]
    ],
    "keypoint_offset": [
      -0.006402347132355962,
      0.024157341877191416,
      -0.005507769865113699
    ]
  }
}