{
  "301": {
    "geom_id": 119,
    "geom_name": "light_cube_g0_vis",
    "body_id": 22,
    "body_name": "light_cube_main",
    "initial_keypoint": [
      0.035274955252473705,
      -0.09385125143516614,
      0.8533963127831474
    ],
    "initial_pos": [
      0.04289405267894009,
      -0.07795564499140673,
      0.8313350374991103
    ],
    "initial_rot": [
      [
        -0.9114779817898564,
        -0.41134886497022227,
        0.0
      ],
      [
        0.41134886497022227,
        -0.9114779817898564,
        0.0
      ],
      [
        0.0,
        0.0,
        1.0
      ]
    ],
    "keypoint_offset": [
      -0.007619097426466381,
      -0.01589560644375941,
      0.02206127528403712
    ]
  },
  "302": {
    "geom_id": 119,
    "geom_name": "light_cube_g0_vis",
    "body_id": 22,
    "body_name": "light_cube_main",
    "initial_keypoint": [
      0.058661925727379216,
      -0.09242329426102308,
      0.844591781281837
    ],
    "initial_pos": [
      0.04289405267894009,
      -0.07795564499140673,
      0.8313350374991103
    ],
    "initial_rot": [
      [
        -0.9114779817898564,
        -0.41134886497022227,
        0.0
      ],
      [
        0.41134886497022227,
        -0.9114779817898564,
        0.0
      ],
      [
        0.0,
        0.0,
        1.0
      ]
    ],
    "keypoint_offset": [
      0.01576787304843913,
      -0.014467649269616356,
      0.013256743782726677
    ]
  },
  "325": {
    "geom_id": 119,
    "geom_name": "light_cube_g0_vis",
    "body_id": 22,
    "body_name": "light_cube_main",
    "initial_keypoint": [
      0.035274955252473705,
      -0.0703884385763746,
      0.8533963127831474
    ],
    "initial_pos": [
      0.04289405267894009,
      -0.07795564499140673,
      0.8313350374991103
    ],
    "initial_rot": [
      [
        -0.9114779817898564,
        -0.41134886497022227,
        0.0
      ],
      [
        0.41134886497022227,
        -0.9114779817898564,
        0.0
      ],
      [
        0.0,
        0.0,
        1.0
      ]
    ],
    "keypoint_offset": [
      -0.007619097426466381,
      0.007567206415032127,
      0.02206127528403712
    ]
  },
  "326": {
    "geom_id": 119,
    "geom_name": "light_cube_g0_vis",
    "body_id": 22,
    "body_name": "light_cube_main",
    "initial_keypoint": [
      0.06633011296646918,
      -0.06811308934908356,
      0.8533731783088059
    ],
    "initial_pos": [
      0.04289405267894009,
      -0.07795564499140673,
      0.8313350374991103
    ],
    "initial_rot": [
      [
        -0.9114779817898564,
        -0.41134886497022227,
        0.0
      ],
      [
        0.41134886497022227,
        -0.9114779817898564,
        0.0
      ],
      [
        0.0,
        0.0,
        1.0
      ]
    ],
    "keypoint_offset": [
      0.023436060287529092,
      0.00984255564232317,
      0.022038140809695572
    ]
  },
  "327": {
    "geom_id": 119,
    "geom_name": "light_cube_g0_vis",
    "body_id": 22,
    "body_name": "light_cube_main",
    "initial_keypoint": [
      0.0686140089584259,
      -0.0703553922799428,
      0.8204186939724922
    ],
    "initial_pos": [
      0.04289405267894009,
      -0.07795564499140673,
      0.8313350374991103
    ],
    "initial_rot": [
      [
        -0.9114779817898564,
        -0.41134886497022227,
        0.0
      ],
      [
        0.41134886497022227,
        -0.9114779817898564,
        0.0
      ],
      [
        0.0,
        0.0,
        1.0
      ]
    ],
    "keypoint_offset": [
      0.02571995627948581,
      0.007600252711463931,
      -0.010916343526618077
    ]
  },
  "336": {
    "geom_id": 75,
    "geom_name": "gripper0_right_wiping_surface_vis",
    "body_id": 14,
    "body_name": "gripper0_right_wiping_gripper",
    "initial_keypoint": [
      -0.09734012799918845,
      -0.04121463233394519,
      1.1035215088270358
    ],
    "initial_pos": [
      -0.11916211333831637,
      0.0016853994843512015,
      1.0875216613073895
    ],
    "initial_rot": [
      [
        0.0281118352609814,
        0.9951390759481121,
        0.09438190631362511
      ],
      [
        0.9996014363202358,
        -0.028230523710679887,
        -7.770160387682301e-05
      ],
      [
        0.002587126741764298,
        0.09434647344842943,
        -0.9955360614880124
      ]
    ],
    "keypoint_offset": [
      0.021821985339127922,
      -0.042900031818296394,
      0.015999847519646337
    ]
  },
  "337": {
    "geom_id": 75,
    "geom_name": "gripper0_right_wiping_surface_vis",
    "body_id": 14,
    "body_name": "gripper0_right_wiping_gripper",
    "initial_keypoint": [
      -0.09545593363430882,
      -0.042110482824389804,
      1.0832555297878854
    ],
    "initial_pos": [
      -0.11916211333831637,
      0.0016853994843512015,
      1.0875216613073895
    ],
    "initial_rot": [
      [
        0.0281118352609814,
        0.9951390759481121,
        0.09438190631362511
      ],
      [
        0.9996014363202358,
        -0.028230523710679887,
        -7.770160387682301e-05
      ],
      [
        0.002587126741764298,
        0.09434647344842943,
        -0.9955360614880124
      ]
    ],
    "keypoint_offset": [
      0.023706179704007554,
      -0.043795882308741006,
      -0.004266131519504057
    ]
  },
  "360": {
    "geom_id": 75,
    "geom_name": "gripper0_right_wiping_surface_vis",
    "body_id": 14,
    "body_name": "gripper0_right_wiping_gripper",
    "initial_keypoint": [
      -0.09677571350141845,
      -0.02058784473443427,
      1.1037544013237655
    ],
    "initial_pos": [
      -0.11916211333831637,
      0.0016853994843512015,
      1.0875216613073895
    ],
    "initial_rot": [
      [
        0.0281118352609814,
        0.9951390759481121,
        0.09438190631362511
      ],
      [
        0.9996014363202358,
        -0.028230523710679887,
        -7.770160387682301e-05
      ],
      [
        0.002587126741764298,
        0.09434647344842943,
        -0.9955360614880124
      ]
    ],
    "keypoint_offset": [
      0.022386399836897927,
      -0.022273244218785473,
      0.01623274001637598
    ]
  },
  "361": {
    "geom_id": 75,
    "geom_name": "gripper0_right_wiping_surface_vis",
    "body_id": 14,
    "body_name": "gripper0_right_wiping_gripper",
    "initial_keypoint": [
      -0.09488106380104089,
      -0.021034914092512035,
      1.0835130523692462
    ],
    "initial_pos": [
      -0.11916211333831637,
      0.0016853994843512015,
      1.0875216613073895
    ],
    "initial_rot": [
      [
        0.0281118352609814,
        0.9951390759481121,
        0.09438190631362511
      ],
      [
        0.9996014363202358,
        -0.028230523710679887,
        -7.770160387682301e-05
      ],
      [
        0.002587126741764298,
        0.09434647344842943,
        -0.9955360614880124
      ]
    ],
    "keypoint_offset": [
      0.024281049537275487,
      -0.022720313576863237,
      -0.004008608938143254
    ]
  },
  "385": {
    "geom_id": 75,
    "geom_name": "gripper0_right_wiping_surface_vis",
    "body_id": 14,
    "body_name": "gripper0_right_wiping_gripper",
    "initial_keypoint": [
      -0.09430933596888591,
      0.0,
      1.0837691674385224
    ],
    "initial_pos": [
      -0.11916211333831637,
      0.0016853994843512015,
      1.0875216613073895
    ],
    "initial_rot": [
      [
        0.0281118352609814,
        0.9951390759481121,
        0.09438190631362511
      ],
      [
        0.9996014363202358,
        -0.028230523710679887,
        -7.770160387682301e-05
      ],
      [
        0.002587126741764298,
        0.09434647344842943,
        -0.9955360614880124
      ]
    ],
    "keypoint_offset": [
      0.024852777369430465,
      -0.0016853994843512015,
      -0.0037524938688671128
    ]
  },
  "408": {
    "geom_id": 75,
    "geom_name": "gripper0_right_wiping_surface_vis",
    "body_id": 14,
    "body_name": "gripper0_right_wiping_gripper",
    "initial_keypoint": [
      -0.09565201337811069,
      0.020549078807565388,
      1.1042180700075546
    ],
    "initial_pos": [
      -0.11916211333831637,
      0.0016853994843512015,
      1.0875216613073895
    ],
    "initial_rot": [
      [
        0.0281118352609814,
        0.9951390759481121,
        0.09438190631362511
      ],
      [
        0.9996014363202358,
        -0.028230523710679887,
        -7.770160387682301e-05
      ],
      [
        0.002587126741764298,
        0.09434647344842943,
        -0.9955360614880124
      ]
    ],
    "keypoint_offset": [
      0.023510099960205685,
      0.018863679323214186,
      0.01669640870016509
    ]
  },
  "409": {
    "geom_id": 75,
    "geom_name": "gripper0_right_wiping_surface_vis",
    "body_id": 14,
    "body_name": "gripper0_right_wiping_gripper",
    "initial_keypoint": [
      -0.09373667717343825,
      0.020994448735880192,
      1.084025699548416
    ],
    "initial_pos": [
      -0.11916211333831637,
      0.0016853994843512015,
      1.0875216613073895
    ],
    "initial_rot": [
      [
        0.0281118352609814,
        0.9951390759481121,
        0.09438190631362511
      ],
      [
        0.9996014363202358,
        -0.028230523710679887,
        -7.770160387682301e-05
      ],
      [
        0.002587126741764298,
        0.09434647344842943,
        -0.9955360614880124
      ]
    ],
    "keypoint_offset": [
      0.02542543616487812,
      0.01930904925152899,
      -0.003495961758973376
    ]
  },
  "422": {
    "geom_id": 121,
    "geom_name": "red_cube_g0_vis",
    "body_id": 23,
    "body_name": "red_cube_main",
    "initial_keypoint": [
      0.066635971178934,
      0.022688350208558375,
      0.8537234387176704
    ],
    "initial_pos": [
      0.08342933729314733,
      0.03534128822461302,
      0.8315093080920566
    ],
    "initial_rot": [
      [
        -0.9824335189022596,
        0.1866129173913841,
        0.0
      ],
      [
        -0.1866129173913841,
        -0.9824335189022596,
        0.0
      ],
      [
        0.0,
        0.0,
        1.0
      ]
    ],
    "keypoint_offset": [
      -0.016793366114213337,
      -0.012652938016054646,
      0.022214130625613837
    ]
  },
  "423": {
    "geom_id": 121,
    "geom_name": "red_cube_g0_vis",
    "body_id": 23,
    "body_name": "red_cube_main",
    "initial_keypoint": [
      0.09572402993450713,
      0.02197799268248299,
      0.8536997012677955
    ],
    "initial_pos": [
      0.08342933729314733,
      0.03534128822461302,
      0.8315093080920566
    ],
    "initial_rot": [
      [
        -0.9824335189022596,
        0.1866129173913841,
        0.0
      ],
      [
        -0.1866129173913841,
        -0.9824335189022596,
        0.0
      ],
      [
        0.0,
        0.0,
        1.0
      ]
    ],
    "keypoint_offset": [
      0.012294692641359795,
      -0.013363295542130033,
      0.0221903931757389
    ]
  },
  "424": {
    "geom_id": 121,
    "geom_name": "red_cube_g0_vis",
    "body_id": 23,
    "body_name": "red_cube_main",
    "initial_keypoint": [
      0.10636350052963156,
      0.022253892841336477,
      0.8317122186784098
    ],
    "initial_pos": [
      0.08342933729314733,
      0.03534128822461302,
      0.8315093080920566
    ],
    "initial_rot": [
      [
        -0.9824335189022596,
        0.1866129173913841,
        0.0
      ],
      [
        -0.1866129173913841,
        -0.9824335189022596,
        0.0
      ],
      [
        0.0,
        0.0,
        1.0
      ]
    ],
    "keypoint_offset": [
      0.02293416323648423,
      -0.013087395383276544,
      0.00020291058635324433
    ]
  },
  "432": {
    "geom_id": 75,
    "geom_name": "gripper0_right_wiping_surface_vis",
    "body_id": 14,
    "body_name": "gripper0_right_wiping_gripper",
    "initial_keypoint": [
      -0.09509075969694902,
      0.0410594328366823,
      1.1044496582669292
    ],
    "initial_pos": [
      -0.11916211333831637,
      0.0016853994843512015,
      1.0875216613073895
    ],
    "initial_rot": [
      [
        0.0281118352609814,
        0.9951390759481121,
        0.09438190631362511
      ],
      [
        0.9996014363202358,
        -0.028230523710679887,
        -7.770160387682301e-05
      ],
      [
        0.002587126741764298,
        0.09434647344842943,
        -0.9955360614880124
      ]
    ],
    "keypoint_offset": [
      0.024071353641367352,
      0.0393740333523311,
      0.016927996959539726
    ]
  },
  "433": {
    "geom_id": 75,
    "geom_name": "gripper0_right_wiping_surface_vis",
    "body_id": 14,
    "body_name": "gripper0_right_wiping_gripper",
    "initial_keypoint": [
      -0.09316716037910355,
      0.04194862139786242,
      1.0842808241462256
    ],
    "initial_pos": [
      -0.11916211333831637,
      0.0016853994843512015,
      1.0875216613073895
    ],
    "initial_rot": [
      [
        0.0281118352609814,
        0.9951390759481121,
        0.09438190631362511
      ],
      [
        0.9996014363202358,
        -0.028230523710679887,
        -7.770160387682301e-05
      ],
      [
        0.002587126741764298,
        0.09434647344842943,
        -0.9955360614880124
      ]
    ],
    "keypoint_offset": [
      0.025994952959212822,
      0.04026322191351122,
      -0.0032408371611638565
    ]
  },
  "446": {
    "geom_id": 121,
    "geom_name": "red_cube_g0_vis",
    "body_id": 23,
    "body_name": "red_cube_main",
    "initial_keypoint": [
      0.06663439924927977,
      0.04537686501079839,
      0.8537216385870838
    ],
    "initial_pos": [
      0.08342933729314733,
      0.03534128822461302,
      0.8315093080920566
    ],
    "initial_rot": [
      [
        -0.9824335189022596,
        0.1866129173913841,
        0.0
      ],
      [
        -0.1866129173913841,
        -0.9824335189022596,
        0.0
      ],
      [
        0.0,
        0.0,
        1.0
      ]
    ],
    "keypoint_offset": [
      -0.016794938043867558,
      0.010035576786185371,
      0.022212330495027244
    ]
  },
  "447": {
    "geom_id": 121,
    "geom_name": "red_cube_g0_vis",
    "body_id": 23,
    "body_name": "red_cube_main",
    "initial_keypoint": [
      0.09572402993450713,
      0.04395598536496598,
      0.8536997012677955
    ],
    "initial_pos": [
      0.08342933729314733,
      0.03534128822461302,
      0.8315093080920566
    ],
    "initial_rot": [
      [
        -0.9824335189022596,
        0.1866129173913841,
        0.0
      ],
      [
        -0.1866129173913841,
        -0.9824335189022596,
        0.0
      ],
      [
        0.0,
        0.0,
        1.0
      ]
    ],
    "keypoint_offset": [
      0.012294692641359795,
      0.008614697140352956,
      0.0221903931757389
    ]
  },
  "448": {
    "geom_id": 121,
    "geom_name": "red_cube_g0_vis",
    "body_id": 23,
    "body_name": "red_cube_main",
    "initial_keypoint": [
      0.10203649858258595,
      0.04499703217167165,
      0.8260150024854859
    ],
    "initial_pos": [
      0.08342933729314733,
      0.03534128822461302,
      0.8315093080920566
    ],
    "initial_rot": [
      [
        -0.9824335189022596,
        0.1866129173913841,
        0.0
      ],
      [
        -0.1866129173913841,
        -0.9824335189022596,
        0.0
      ],
      [
        0.0,
        0.0,
        1.0
      ]
    ],
    "keypoint_offset": [
      0.018607161289438623,
      0.009655743947058627,
      -0.005494305606570715
    ]
  },
  "496": {
    "geom_id": 117,
    "geom_name": "green_cube_g0_vis",
    "body_id": 21,
    "body_name": "green_cube_main",
    "initial_keypoint": [
      0.1101868295221522,
      0.08815097721504524,
      0.836746265834764
    ],
    "initial_pos": [
      0.09888481621754266,
      0.11645286396807367,
      0.8319252592051589
    ],
    "initial_rot": [
      [
        -0.3806491997072628,
        0.9247195178875702,
        0.0
      ],
      [
        -0.9247195178875702,
        -0.3806491997072628,
        0.0
      ],
      [
        0.0,
        0.0,
        1.0
      ]
    ],
    "keypoint_offset": [
      0.011302013304609532,
      -0.02830188675302843,
      0.004821006629605051
    ]
  },
  "519": {
    "geom_id": 117,
    "geom_name": "green_cube_g0_vis",
    "body_id": 21,
    "body_name": "green_cube_main",
    "initial_keypoint": [
      0.09639968382386355,
      0.10970630772501705,
      0.8545291525633371
    ],
    "initial_pos": [
      0.09888481621754266,
      0.11645286396807367,
      0.8319252592051589
    ],
    "initial_rot": [
      [
        -0.3806491997072628,
        0.9247195178875702,
        0.0
      ],
      [
        -0.9247195178875702,
        -0.3806491997072628,
        0.0
      ],
      [
        0.0,
        0.0,
        1.0
      ]
    ],
    "keypoint_offset": [
      -0.002485132393679118,
      -0.006746556243056617,
      0.02260389335817814
    ]
  },
  "520": {
    "geom_id": 117,
    "geom_name": "green_cube_g0_vis",
    "body_id": 21,
    "body_name": "green_cube_main",
    "initial_keypoint": [
      0.1183226034399113,
      0.10788897745047504,
      0.8474583624488811
    ],
    "initial_pos": [
      0.09888481621754266,
      0.11645286396807367,
      0.8319252592051589
    ],
    "initial_rot": [
      [
        -0.3806491997072628,
        0.9247195178875702,
        0.0
      ],
      [
        -0.9247195178875702,
        -0.3806491997072628,
        0.0
      ],
      [
        0.0,
        0.0,
        1.0
      ]
    ],
    "keypoint_offset": [
      0.019437787222368635,
      -0.008563886517598623,
      0.015533103243722146
    ]
  },
  "521": {
    "geom_id": 117,
    "geom_name": "green_cube_g0_vis",
    "body_id": 21,
    "body_name": "green_cube_main",
    "initial_keypoint": [
      0.11995552141816118,
      0.11189438526745912,
      0.8129556800234685
    ],
    "initial_pos": [
      0.09888481621754266,
      0.11645286396807367,
      0.8319252592051589
    ],
    "initial_rot": [
      [
        -0.3806491997072628,
        0.9247195178875702,
        0.0
      ],
      [
        -0.9247195178875702,
        -0.3806491997072628,
        0.0
      ],
      [
        0.0,
        0.0,
        1.0
      ]
    ],
    "keypoint_offset": [
      0.021070705200618517,
      -0.004558478700614543,
      -0.0189695791816904
    ]
  },
  "543": {
    "geom_id": 117,
    "geom_name": "green_cube_g0_vis",
    "body_id": 21,
    "body_name": "green_cube_main",
    "initial_keypoint": [
      0.09639968382386355,
      0.13164756927002044,
      0.8545291525633371
    ],
    "initial_pos": [
      0.09888481621754266,
      0.11645286396807367,
      0.8319252592051589
    ],
    "initial_rot": [
      [
        -0.3806491997072628,
        0.9247195178875702,
        0.0
      ],
      [
        -0.9247195178875702,
        -0.3806491997072628,
        0.0
      ],
      [
        0.0,
        0.0,
        1.0
      ]
    ],
    "keypoint_offset": [
      -0.002485132393679118,
      0.015194705301946776,
      0.02260389335817814
    ]
  },
  "544": {
    "geom_id": 117,
    "geom_name": "green_cube_g0_vis",
    "body_id": 21,
    "body_name": "green_cube_main",
    "initial_keypoint": [
      0.12367765865952746,
      0.12765031295511972,
      0.8545091813957109
    ],
    "initial_pos": [
      0.09888481621754266,
      0.11645286396807367,
      0.8319252592051589
    ],
    "initial_rot": [
      [
        -0.3806491997072628,
        0.9247195178875702,
        0.0
      ],
      [
        -0.9247195178875702,
        -0.3806491997072628,
        0.0
      ],
      [
        0.0,
        0.0,
        1.0
      ]
    ],
    "keypoint_offset": [
      0.02479284244198479,
      0.011197448987046055,
      0.02258392219055194
    ]
  }
}