{
  "336": {
    "geom_id": 75,
    "geom_name": "gripper0_right_wiping_surface_vis",
    "body_id": 14,
    "body_name": "gripper0_right_wiping_gripper",
    "initial_keypoint": [
      -0.09717988056094795,
      -0.04120357575338085,
      1.1035876312001036
    ],
    "initial_pos": [
      -0.11253681689858726,
      0.0034950755333838512,
      1.0858265454393343
    ],
    "initial_rot": [
      [
        -0.053866580877396784,
        0.9904026877175601,
        0.12728278605691365
      ],
      [
        0.998531673931412,
        0.054158356082627236,
        0.0011698812579692408
      ],
      [
        -0.005734772908256053,
        0.12715891092746326,
        -0.9918657791008975
      ]
    ],
    "keypoint_offset": [
      0.015356936337639307,
      -0.0446986512867647,
      0.01776108576076929
    ]
  },
  "337": {
    "geom_id": 75,
    "geom_name": "gripper0_right_wiping_surface_vis",
    "body_id": 14,
    "body_name": "gripper0_right_wiping_gripper",
    "initial_keypoint": [
      -0.08565015545706722,
      -0.04141702083973504,
      1.0876481925479013
    ],
    "initial_pos": [
      -0.11253681689858726,
      0.0034950755333838512,
      1.0858265454393343
    ],
    "initial_rot": [
      [
        -0.053866580877396784,
        0.9904026877175601,
        0.12728278605691365
      ],
      [
        0.998531673931412,
        0.054158356082627236,
        0.0011698812579692408
      ],
      [
        -0.005734772908256053,
        0.12715891092746326,
        -0.9918657791008975
      ]
    ],
    "keypoint_offset": [
      0.026886661441520035,
      -0.04491209637311889,
      0.001821647108567026
    ]
  },
  "351": {
    "geom_id": 123,
    "geom_name": "green_cube_g0_vis",
    "body_id": 24,
    "body_name": "green_cube_main",
    "initial_keypoint": [
      0.09540855069731036,
      -0.043990286688220304,
      0.8533124102803069
    ],
    "initial_pos": [
      0.08837382469114644,
      -0.02400893903406534,
      0.8313164527929088
    ],
    "initial_rot": [
      [
        0.9497794396410385,
        0.31292014322372247,
        0.0
      ],
      [
        -0.31292014322372247,
        0.9497794396410385,
        0.0
      ],
      [
        0.0,
        0.0,
        1.0
      ]
    ],
    "keypoint_offset": [
      0.007034726006163922,
      -0.019981347654154963,
      0.021995957487398132
    ]
  },
  "352": {
    "geom_id": 123,
    "geom_name": "green_cube_g0_vis",
    "body_id": 24,
    "body_name": "green_cube_main",
    "initial_keypoint": [
      0.10256186149960356,
      -0.04493763031196682,
      0.8267067299574455
    ],
    "initial_pos": [
      0.08837382469114644,
      -0.02400893903406534,
      0.8313164527929088
    ],
    "initial_rot": [
      [
        0.9497794396410385,
        0.31292014322372247,
        0.0
      ],
      [
        -0.31292014322372247,
        0.9497794396410385,
        0.0
      ],
      [
        0.0,
        0.0,
        1.0
      ]
    ],
    "keypoint_offset": [
      0.014188036808457122,
      -0.02092869127790148,
      -0.004609722835463237
    ]
  },
  "361": {
    "geom_id": 75,
    "geom_name": "gripper0_right_wiping_surface_vis",
    "body_id": 14,
    "body_name": "gripper0_right_wiping_gripper",
    "initial_keypoint": [
      -0.08672198513304175,
      -0.020746410172486757,
      1.0871680484718644
    ],
    "initial_pos": [
      -0.11253681689858726,
      0.0034950755333838512,
      1.0858265454393343
    ],
    "initial_rot": [
      [
        -0.053866580877396784,
        0.9904026877175601,
        0.12728278605691365
      ],
      [
        0.998531673931412,
        0.054158356082627236,
        0.0011698812579692408
      ],
      [
        -0.005734772908256053,
        0.12715891092746326,
        -0.9918657791008975
      ]
    ],
    "keypoint_offset": [
      0.025814831765545512,
      -0.02424148570587061,
      0.0013415030325301114
    ]
  },
  "375": {
    "geom_id": 123,
    "geom_name": "green_cube_g0_vis",
    "body_id": 24,
    "body_name": "green_cube_main",
    "initial_keypoint": [
      0.0954099888224319,
      -0.02199506516211137,
      0.8533141757622555
    ],
    "initial_pos": [
      0.08837382469114644,
      -0.02400893903406534,
      0.8313164527929088
    ],
    "initial_rot": [
      [
        0.9497794396410385,
        0.31292014322372247,
        0.0
      ],
      [
        -0.31292014322372247,
        0.9497794396410385,
        0.0
      ],
      [
        0.0,
        0.0,
        1.0
      ]
    ],
    "keypoint_offset": [
      0.007036164131285466,
      0.00201387387195397,
      0.021997722969346767
    ]
  },
  "376": {
    "geom_id": 123,
    "geom_name": "green_cube_g0_vis",
    "body_id": 24,
    "body_name": "green_cube_main",
    "initial_keypoint": [
      0.11011411719822584,
      -0.022041855030960334,
      0.836650527992635
    ],
    "initial_pos": [
      0.08837382469114644,
      -0.02400893903406534,
      0.8313164527929088
    ],
    "initial_rot": [
      [
        0.9497794396410385,
        0.31292014322372247,
        0.0
      ],
      [
        -0.31292014322372247,
        0.9497794396410385,
        0.0
      ],
      [
        0.0,
        0.0,
        1.0
      ]
    ],
    "keypoint_offset": [
      0.0217402925070794,
      0.0019670840031050067,
      0.005334075199726174
    ]
  },
  "385": {
    "geom_id": 75,
    "geom_name": "gripper0_right_wiping_surface_vis",
    "body_id": 14,
    "body_name": "gripper0_right_wiping_gripper",
    "initial_keypoint": [
      -0.08779567673560185,
      0.0,
      1.0866870703145926
    ],
    "initial_pos": [
      -0.11253681689858726,
      0.0034950755333838512,
      1.0858265454393343
    ],
    "initial_rot": [
      [
        -0.053866580877396784,
        0.9904026877175601,
        0.12728278605691365
      ],
      [
        0.998531673931412,
        0.054158356082627236,
        0.0011698812579692408
      ],
      [
        -0.005734772908256053,
        0.12715891092746326,
        -0.9918657791008975
      ]
    ],
    "keypoint_offset": [
      0.02474114016298541,
      -0.0034950755333838512,
      0.0008605248752582284
    ]
  },
  "394": {
    "geom_id": 125,
    "geom_name": "light_cube_g0_vis",
    "body_id": 25,
    "body_name": "light_cube_main",
    "initial_keypoint": [
      -0.09662107655451524,
      0.0,
      0.8318555248285284
    ],
    "initial_pos": [
      -0.11298695809104309,
      0.024946489574839137,
      0.8312909531265679
    ],
    "initial_rot": [
      [
        -0.20562231640806145,
        0.9786314234659458,
        0.0
      ],
      [
        -0.9786314234659458,
        -0.20562231640806145,
        0.0
      ],
      [
        0.0,
        0.0,
        1.0
      ]
    ],
    "keypoint_offset": [
      0.01636588153652785,
      -0.024946489574839137,
      0.000564571701960559
    ]
  },
  "399": {
    "geom_id": 123,
    "geom_name": "green_cube_g0_vis",
    "body_id": 24,
    "body_name": "green_cube_main",
    "initial_keypoint": [
      0.08020344301385007,
      0.0,
      0.834646201936699
    ],
    "initial_pos": [
      0.08837382469114644,
      -0.02400893903406534,
      0.8313164527929088
    ],
    "initial_rot": [
      [
        0.9497794396410385,
        0.31292014322372247,
        0.0
      ],
      [
        -0.31292014322372247,
        0.9497794396410385,
        0.0
      ],
      [
        0.0,
        0.0,
        1.0
      ]
    ],
    "keypoint_offset": [
      -0.008170381677296362,
      0.02400893903406534,
      0.0033297491437902504
    ]
  },
  "409": {
    "geom_id": 75,
    "geom_name": "gripper0_right_wiping_surface_vis",
    "body_id": 14,
    "body_name": "gripper0_right_wiping_gripper",
    "initial_keypoint": [
      -0.08887338311736193,
      0.02082248331472097,
      1.0862042936696572
    ],
    "initial_pos": [
      -0.11253681689858726,
      0.0034950755333838512,
      1.0858265454393343
    ],
    "initial_rot": [
      [
        -0.053866580877396784,
        0.9904026877175601,
        0.12728278605691365
      ],
      [
        0.998531673931412,
        0.054158356082627236,
        0.0011698812579692408
      ],
      [
        -0.005734772908256053,
        0.12715891092746326,
        -0.9918657791008975
      ]
    ],
    "keypoint_offset": [
      0.023663433781225332,
      0.01732740778133712,
      0.00037774823032288296
    ]
  },
  "417": {
    "geom_id": 125,
    "geom_name": "light_cube_g0_vis",
    "body_id": 25,
    "body_name": "light_cube_main",
    "initial_keypoint": [
      -0.11299942171030686,
      0.027086153477420577,
      0.8534212280669476
    ],
    "initial_pos": [
      -0.11298695809104309,
      0.024946489574839137,
      0.8312909531265679
    ],
    "initial_rot": [
      [
        -0.20562231640806145,
        0.9786314234659458,
        0.0
      ],
      [
        -0.9786314234659458,
        -0.20562231640806145,
        0.0
      ],
      [
        0.0,
        0.0,
        1.0
      ]
    ],
    "keypoint_offset": [
      -1.2463619263769488e-05,
      0.00213966390258144,
      0.02213027494037978
    ]
  },
  "418": {
    "geom_id": 125,
    "geom_name": "light_cube_g0_vis",
    "body_id": 25,
    "body_name": "light_cube_main",
    "initial_keypoint": [
      -0.0909522414530306,
      0.026952958097972282,
      0.8367787092481186
    ],
    "initial_pos": [
      -0.11298695809104309,
      0.024946489574839137,
      0.8312909531265679
    ],
    "initial_rot": [
      [
        -0.20562231640806145,
        0.9786314234659458,
        0.0
      ],
      [
        -0.9786314234659458,
        -0.20562231640806145,
        0.0
      ],
      [
        0.0,
        0.0,
        1.0
      ]
    ],
    "keypoint_offset": [
      0.022034716638012486,
      0.0020064685231331453,
      0.005487756121550724
    ]
  },
  "421": {
    "geom_id": 117,
    "geom_name": "blue_cube_g0_vis",
    "body_id": 21,
    "body_name": "blue_cube_main",
    "initial_keypoint": [
      0.01593819876771785,
      0.024439077649823684,
      0.8327331170340113
    ],
    "initial_pos": [
      0.005208277251252669,
      0.04929523017513643,
      0.8300062405928916
    ],
    "initial_rot": [
      [
        -0.9132374179254156,
        -0.4074278077168024,
        0.0
      ],
      [
        0.4074278077168024,
        -0.9132374179254156,
        0.0
      ],
      [
        0.0,
        0.0,
        0.9999999999999999
      ]
    ],
    "keypoint_offset": [
      0.01072992151646518,
      -0.024856152525312744,
      0.0027268764411196855
    ]
  },
  "432": {
    "geom_id": 75,
    "geom_name": "gripper0_right_wiping_surface_vis",
    "body_id": 14,
    "body_name": "gripper0_right_wiping_gripper",
    "initial_keypoint": [
      -0.0968357093789286,
      0.04117982899996186,
      1.1037296454222747
    ],
    "initial_pos": [
      -0.11253681689858726,
      0.0034950755333838512,
      1.0858265454393343
    ],
    "initial_rot": [
      [
        -0.053866580877396784,
        0.9904026877175601,
        0.12728278605691365
      ],
      [
        0.998531673931412,
        0.054158356082627236,
        0.0011698812579692408
      ],
      [
        -0.005734772908256053,
        0.12715891092746326,
        -0.9918657791008975
      ]
    ],
    "keypoint_offset": [
      0.015701107519658655,
      0.03768475346657801,
      0.017903099982940374
    ]
  },
  "433": {
    "geom_id": 75,
    "geom_name": "gripper0_right_wiping_surface_vis",
    "body_id": 14,
    "body_name": "gripper0_right_wiping_gripper",
    "initial_keypoint": [
      -0.08995498790791023,
      0.04172145742814332,
      1.0857197706671358
    ],
    "initial_pos": [
      -0.11253681689858726,
      0.0034950755333838512,
      1.0858265454393343
    ],
    "initial_rot": [
      [
        -0.053866580877396784,
        0.9904026877175601,
        0.12728278605691365
      ],
      [
        0.998531673931412,
        0.054158356082627236,
        0.0011698812579692408
      ],
      [
        -0.005734772908256053,
        0.12715891092746326,
        -0.9918657791008975
      ]
    ],
    "keypoint_offset": [
      0.022581828990677025,
      0.03822638189475947,
      -0.00010677477219855902
    ]
  },
  "444": {
    "geom_id": 117,
    "geom_name": "blue_cube_g0_vis",
    "body_id": 21,
    "body_name": "blue_cube_main",
    "initial_keypoint": [
      -0.0005866586314186018,
      0.04880671341213038,
      0.8507683195814535
    ],
    "initial_pos": [
      0.005208277251252669,
      0.04929523017513643,
      0.8300062405928916
    ],
    "initial_rot": [
      [
        -0.9132374179254156,
        -0.4074278077168024,
        0.0
      ],
      [
        0.4074278077168024,
        -0.9132374179254156,
        0.0
      ],
      [
        0.0,
        0.0,
        0.9999999999999999
      ]
    ],
    "keypoint_offset": [
      -0.0057949358826712705,
      -0.0004885167630060486,
      0.02076207898856186
    ]
  },
  "445": {
    "geom_id": 117,
    "geom_name": "blue_cube_g0_vis",
    "body_id": 21,
    "body_name": "blue_cube_main",
    "initial_keypoint": [
      0.02638217203104609,
      0.047823574777468625,
      0.8438935132519099
    ],
    "initial_pos": [
      0.005208277251252669,
      0.04929523017513643,
      0.8300062405928916
    ],
    "initial_rot": [
      [
        -0.9132374179254156,
        -0.4074278077168024,
        0.0
      ],
      [
        0.4074278077168024,
        -0.9132374179254156,
        0.0
      ],
      [
        0.0,
        0.0,
        0.9999999999999999
      ]
    ],
    "keypoint_offset": [
      0.021173894779793423,
      -0.0014716553976678037,
      0.013887272659018235
    ]
  },
  "449": {
    "geom_id": 119,
    "geom_name": "dark_cube_g0_vis",
    "body_id": 22,
    "body_name": "dark_cube_main",
    "initial_keypoint": [
      0.1469239121285757,
      0.041581692703376465,
      0.8510649589793977
    ],
    "initial_pos": [
      0.1457813654619817,
      0.06291852273624834,
      0.8302108107739667
    ],
    "initial_rot": [
      [
        -0.16646920384718195,
        0.9860466541551092,
        0.0
      ],
      [
        -0.9860466541551092,
        -0.16646920384718195,
        0.0
      ],
      [
        0.0,
        0.0,
        1.0
      ]
    ],
    "keypoint_offset": [
      0.0011425466665939965,
      -0.02133683003287188,
      0.020854148205430967
    ]
  },
  "450": {
    "geom_id": 119,
    "geom_name": "dark_cube_g0_vis",
    "body_id": 22,
    "body_name": "dark_cube_main",
    "initial_keypoint": [
      0.16212778557165308,
      0.04151749293785175,
      0.8371367565047486
    ],
    "initial_pos": [
      0.1457813654619817,
      0.06291852273624834,
      0.8302108107739667
    ],
    "initial_rot": [
      [
        -0.16646920384718195,
        0.9860466541551092,
        0.0
      ],
      [
        -0.9860466541551092,
        -0.16646920384718195,
        0.0
      ],
      [
        0.0,
        0.0,
        1.0
      ]
    ],
    "keypoint_offset": [
      0.016346420109671383,
      -0.021401029798396594,
      0.006925945730781868
    ]
  },
  "456": {
    "geom_id": 75,
    "geom_name": "gripper0_right_wiping_surface_vis",
    "body_id": 14,
    "body_name": "gripper0_right_wiping_gripper",
    "initial_keypoint": [
      -0.09675567511688221,
      0.061761460322914116,
      1.1037626696964304
    ],
    "initial_pos": [
      -0.11253681689858726,
      0.0034950755333838512,
      1.0858265454393343
    ],
    "initial_rot": [
      [
        -0.053866580877396784,
        0.9904026877175601,
        0.12728278605691365
      ],
      [
        0.998531673931412,
        0.054158356082627236,
        0.0011698812579692408
      ],
      [
        -0.005734772908256053,
        0.12715891092746326,
        -0.9918657791008975
      ]
    ],
    "keypoint_offset": [
      0.015781141781705046,
      0.058266384789530265,
      0.01793612425709612
    ]
  },
  "457": {
    "geom_id": 75,
    "geom_name": "gripper0_right_wiping_surface_vis",
    "body_id": 14,
    "body_name": "gripper0_right_wiping_gripper",
    "initial_keypoint": [
      -0.09104060747765852,
      0.0626973482264183,
      1.0852334491769509
    ],
    "initial_pos": [
      -0.11253681689858726,
      0.0034950755333838512,
      1.0858265454393343
    ],
    "initial_rot": [
      [
        -0.053866580877396784,
        0.9904026877175601,
        0.12728278605691365
      ],
      [
        0.998531673931412,
        0.054158356082627236,
        0.0011698812579692408
      ],
      [
        -0.005734772908256053,
        0.12715891092746326,
        -0.9918657791008975
      ]
    ],
    "keypoint_offset": [
      0.02149620942092874,
      0.05920227269303445,
      -0.0005930962623834635
    ]
  },
  "465": {
    "geom_id": 121,
    "geom_name": "red_cube_g0_vis",
    "body_id": 23,
    "body_name": "red_cube_main",
    "initial_keypoint": [
      -0.11562102780828964,
      0.08160597735941896,
      0.8512975165420715
    ],
    "initial_pos": [
      -0.1024432292487028,
      0.09306464822108265,
      0.8302274081839949
    ],
    "initial_rot": [
      [
        -0.8071668008364364,
        -0.5903234330665457,
        0.0
      ],
      [
        0.5903234330665457,
        -0.8071668008364364,
        0.0
      ],
      [
        0.0,
        0.0,
        0.9999999999999999
      ]
    ],
    "keypoint_offset": [
      -0.01317779855958684,
      -0.011458670861663689,
      0.021070108358076656
    ]
  },
  "466": {
    "geom_id": 121,
    "geom_name": "red_cube_g0_vis",
    "body_id": 23,
    "body_name": "red_cube_main",
    "initial_keypoint": [
      -0.08672867330746536,
      0.08028097147572236,
      0.8404467300173025
    ],
    "initial_pos": [
      -0.1024432292487028,
      0.09306464822108265,
      0.8302274081839949
    ],
    "initial_rot": [
      [
        -0.8071668008364364,
        -0.5903234330665457,
        0.0
      ],
      [
        0.5903234330665457,
        -0.8071668008364364,
        0.0
      ],
      [
        0.0,
        0.0,
        0.9999999999999999
      ]
    ],
    "keypoint_offset": [
      0.01571455594123744,
      -0.012783676745360295,
      0.010219321833307649
    ]
  },
  "468": {
    "geom_id": 117,
    "geom_name": "blue_cube_g0_vis",
    "body_id": 21,
    "body_name": "blue_cube_main",
    "initial_keypoint": [
      -0.0005866586314186018,
      0.07321007011819557,
      0.8507683195814535
    ],
    "initial_pos": [
      0.005208277251252669,
      0.04929523017513643,
      0.8300062405928916
    ],
    "initial_rot": [
      [
        -0.9132374179254156,
        -0.4074278077168024,
        0.0
      ],
      [
        0.4074278077168024,
        -0.9132374179254156,
        0.0
      ],
      [
        0.0,
        0.0,
        0.9999999999999999
      ]
    ],
    "keypoint_offset": [
      -0.0057949358826712705,
      0.023914839943059138,
      0.02076207898856186
    ]
  },
  "469": {
    "geom_id": 117,
    "geom_name": "blue_cube_g0_vis",
    "body_id": 21,
    "body_name": "blue_cube_main",
    "initial_keypoint": [
      -0.013942208133722045,
      0.07784299546128429,
      0.8008030103816866
    ],
    "initial_pos": [
      0.005208277251252669,
      0.04929523017513643,
      0.8300062405928916
    ],
    "initial_rot": [
      [
        -0.9132374179254156,
        -0.4074278077168024,
        0.0
      ],
      [
        0.4074278077168024,
        -0.9132374179254156,
        0.0
      ],
      [
        0.0,
        0.0,
        0.9999999999999999
      ]
    ],
    "keypoint_offset": [
      -0.019150485384974714,
      0.028547765286147858,
      -0.029203230211205078
    ]
  },
  "473": {
    "geom_id": 119,
    "geom_name": "dark_cube_g0_vis",
    "body_id": 22,
    "body_name": "dark_cube_main",
    "initial_keypoint": [
      0.1469239121285757,
      0.0623725390550647,
      0.8510649589793977
    ],
    "initial_pos": [
      0.1457813654619817,
      0.06291852273624834,
      0.8302108107739667
    ],
    "initial_rot": [
      [
        -0.16646920384718195,
        0.9860466541551092,
        0.0
      ],
      [
        -0.9860466541551092,
        -0.16646920384718195,
        0.0
      ],
      [
        0.0,
        0.0,
        1.0
      ]
    ],
    "keypoint_offset": [
      0.0011425466665939965,
      -0.0005459836811836441,
      0.020854148205430967
    ]
  },
  "474": {
    "geom_id": 119,
    "geom_name": "dark_cube_g0_vis",
    "body_id": 22,
    "body_name": "dark_cube_main",
    "initial_keypoint": [
      0.16553142428957157,
      0.06164888441693361,
      0.8423032103237202
    ],
    "initial_pos": [
      0.1457813654619817,
      0.06291852273624834,
      0.8302108107739667
    ],
    "initial_rot": [
      [
        -0.16646920384718195,
        0.9860466541551092,
        0.0
      ],
      [
        -0.9860466541551092,
        -0.16646920384718195,
        0.0
      ],
      [
        0.0,
        0.0,
        1.0
      ]
    ],
    "keypoint_offset": [
      0.019750058827589873,
      -0.0012696383193147379,
      0.012092399549753496
    ]
  },
  "489": {
    "geom_id": 121,
    "geom_name": "red_cube_g0_vis",
    "body_id": 23,
    "body_name": "red_cube_main",
    "initial_keypoint": [
      -0.11562102780828964,
      0.10880796981255861,
      0.8512975165420715
    ],
    "initial_pos": [
      -0.1024432292487028,
      0.09306464822108265,
      0.8302274081839949
    ],
    "initial_rot": [
      [
        -0.8071668008364364,
        -0.5903234330665457,
        0.0
      ],
      [
        0.5903234330665457,
        -0.8071668008364364,
        0.0
      ],
      [
        0.0,
        0.0,
        0.9999999999999999
      ]
    ],
    "keypoint_offset": [
      -0.01317779855958684,
      0.015743321591475956,
      0.021070108358076656
    ]
  },
  "490": {
    "geom_id": 121,
    "geom_name": "red_cube_g0_vis",
    "body_id": 23,
    "body_name": "red_cube_main",
    "initial_keypoint": [
      -0.08855376322193009,
      0.10737426008924214,
      0.838861703451811
    ],
    "initial_pos": [
      -0.1024432292487028,
      0.09306464822108265,
      0.8302274081839949
    ],
    "initial_rot": [
      [
        -0.8071668008364364,
        -0.5903234330665457,
        0.0
      ],
      [
        0.5903234330665457,
        -0.8071668008364364,
        0.0
      ],
      [
        0.0,
        0.0,
        0.9999999999999999
      ]
    ],
    "keypoint_offset": [
      0.013889466026772712,
      0.014309611868159489,
      0.008634295267816117
    ]
  },
  "497": {
    "geom_id": 119,
    "geom_name": "dark_cube_g0_vis",
    "body_id": 22,
    "body_name": "dark_cube_main",
    "initial_keypoint": [
      0.1469239121285757,
      0.08316338540675293,
      0.8510649589793977
    ],
    "initial_pos": [
      0.1457813654619817,
      0.06291852273624834,
      0.8302108107739667
    ],
    "initial_rot": [
      [
        -0.16646920384718195,
        0.9860466541551092,
        0.0
      ],
      [
        -0.9860466541551092,
        -0.16646920384718195,
        0.0
      ],
      [
        0.0,
        0.0,
        1.0
      ]
    ],
    "keypoint_offset": [
      0.0011425466665939965,
      0.020244862670504585,
      0.020854148205430967
    ]
  }
}