{
  "231": {
    "geom_id": 117,
    "geom_name": "green_cube_g0_vis",
    "body_id": 21,
    "body_name": "green_cube_main",
    "initial_keypoint": [
      0.08208015845211214,
      -0.15903808115385054,
      0.8369501094197332
    ],
    "initial_pos": [
      0.0660394738333625,
      -0.13505307617319784,
      0.8309604799558178
    ],
    "initial_rot": [
      [
        0.1599431084432814,
        -0.9871262341066114,
        0.0
      ],
      [
        0.9871262341066114,
        0.1599431084432814,
        0.0
      ],
      [
        0.0,
        0.0,
        1.0
      ]
    ],
    "keypoint_offset": [
      0.016040684618749634,
      -0.023985004980652702,
      0.005989629463915458
    ]
  },
  "254": {
    "geom_id": 117,
    "geom_name": "green_cube_g0_vis",
    "body_id": 21,
    "body_name": "green_cube_main",
    "initial_keypoint": [
      0.06567854812480572,
      -0.13643085094128973,
      0.8526270241807098
    ],
    "initial_pos": [
      0.0660394738333625,
      -0.13505307617319784,
      0.8309604799558178
    ],
    "initial_rot": [
      [
        0.1599431084432814,
        -0.9871262341066114,
        0.0
      ],
      [
        0.9871262341066114,
        0.1599431084432814,
        0.0
      ],
      [
        0.0,
        0.0,
        1.0
      ]
    ],
    "keypoint_offset": [
      -0.00036092570855678074,
      -0.001377774768091894,
      0.021666544224892004
    ]
  },
  "255": {
    "geom_id": 117,
    "geom_name": "green_cube_g0_vis",
    "body_id": 21,
    "body_name": "green_cube_main",
    "initial_keypoint": [
      0.08597183856729751,
      -0.1350489553089544,
      0.8417276429531356
    ],
    "initial_pos": [
      0.0660394738333625,
      -0.13505307617319784,
      0.8309604799558178
    ],
    "initial_rot": [
      [
        0.1599431084432814,
        -0.9871262341066114,
        0.0
      ],
      [
        0.9871262341066114,
        0.1599431084432814,
        0.0
      ],
      [
        0.0,
        0.0,
        1.0
      ]
    ],
    "keypoint_offset": [
      0.019932364733935004,
      4.120864243450928e-06,
      0.010767162997317836
    ]
  },
  "278": {
    "geom_id": 117,
    "geom_name": "green_cube_g0_vis",
    "body_id": 21,
    "body_name": "green_cube_main",
    "initial_keypoint": [
      0.06404582409123555,
      -0.11411977414010857,
      0.8507572735437972
    ],
    "initial_pos": [
      0.0660394738333625,
      -0.13505307617319784,
      0.8309604799558178
    ],
    "initial_rot": [
      [
        0.1599431084432814,
        -0.9871262341066114,
        0.0
      ],
      [
        0.9871262341066114,
        0.1599431084432814,
        0.0
      ],
      [
        0.0,
        0.0,
        1.0
      ]
    ],
    "keypoint_offset": [
      -0.0019936497421269572,
      0.02093330203308927,
      0.019796793587979367
    ]
  },
  "279": {
    "geom_id": 117,
    "geom_name": "green_cube_g0_vis",
    "body_id": 21,
    "body_name": "green_cube_main",
    "initial_keypoint": [
      0.07412603978625298,
      -0.11576071142345516,
      0.827185414601543
    ],
    "initial_pos": [
      0.0660394738333625,
      -0.13505307617319784,
      0.8309604799558178
    ],
    "initial_rot": [
      [
        0.1599431084432814,
        -0.9871262341066114,
        0.0
      ],
      [
        0.9871262341066114,
        0.1599431084432814,
        0.0
      ],
      [
        0.0,
        0.0,
        1.0
      ]
    ],
    "keypoint_offset": [
      0.008086565952890479,
      0.019292364749742677,
      -0.0037750653542747425
    ]
  },
  "328": {
    "geom_id": 119,
    "geom_name": "red_cube_g0_vis",
    "body_id": 22,
    "body_name": "red_cube_main",
    "initial_keypoint": [
      0.12338295175304309,
      -0.06387513946383269,
      0.8541211508423769
    ],
    "initial_pos": [
      0.1189496008030608,
      -0.046069276121395025,
      0.8317312477059701
    ],
    "initial_rot": [
      [
        -0.8168540351380275,
        0.576844420341154,
        0.0
      ],
      [
        -0.576844420341154,
        -0.8168540351380275,
        0.0
      ],
      [
        0.0,
        0.0,
        0.9999999999999999
      ]
    ],
    "keypoint_offset": [
      0.00443335094998229,
      -0.017805863342437667,
      0.022389903136406875
    ]
  },
  "329": {
    "geom_id": 119,
    "geom_name": "red_cube_g0_vis",
    "body_id": 22,
    "body_name": "red_cube_main",
    "initial_keypoint": [
      0.12916835456135606,
      -0.06550914118091908,
      0.8259744185903515
    ],
    "initial_pos": [
      0.1189496008030608,
      -0.046069276121395025,
      0.8317312477059701
    ],
    "initial_rot": [
      [
        -0.8168540351380275,
        0.576844420341154,
        0.0
      ],
      [
        -0.576844420341154,
        -0.8168540351380275,
        0.0
      ],
      [
        0.0,
        0.0,
        0.9999999999999999
      ]
    ],
    "keypoint_offset": [
      0.010218753758295257,
      -0.019439865059524053,
      -0.005756829115618589
    ]
  },
  "336": {
    "geom_id": 75,
    "geom_name": "gripper0_right_wiping_surface_vis",
    "body_id": 14,
    "body_name": "gripper0_right_wiping_gripper",
    "initial_keypoint": [
      -0.0845765119823082,
      -0.04033398207000028,
      1.1087881176990855
    ],
    "initial_pos": [
      -0.10679917202207417,
      0.005198747547955858,
      1.1011109883219674
    ],
    "initial_rot": [
      [
        0.02893175091978979,
        0.9899999776023064,
        0.13806881666816076
      ],
      [
        0.999401983545657,
        -0.03126615415852689,
        0.014768306915135691
      ],
      [
        0.018937504421640432,
        0.13755897626678595,
        -0.9903125259102362
      ]
    ],
    "keypoint_offset": [
      0.022222660039765973,
      -0.04553272961795614,
      0.007677129377118064
    ]
  },
  "337": {
    "geom_id": 75,
    "geom_name": "gripper0_right_wiping_surface_vis",
    "body_id": 14,
    "body_name": "gripper0_right_wiping_gripper",
    "initial_keypoint": [
      -0.468963177869117,
      -0.06852481427144957,
      0.9159366966784185
    ],
    "initial_pos": [
      -0.10679917202207417,
      0.005198747547955858,
      1.1011109883219674
    ],
    "initial_rot": [
      [
        0.02893175091978979,
        0.9899999776023064,
        0.13806881666816076
      ],
      [
        0.999401983545657,
        -0.03126615415852689,
        0.014768306915135691
      ],
      [
        0.018937504421640432,
        0.13755897626678595,
        -0.9903125259102362
      ]
    ],
    "keypoint_offset": [
      -0.36216400584704284,
      -0.07372356181940543,
      -0.18517429164354893
    ]
  },
  "348": {
    "geom_id": 121,
    "geom_name": "dark_cube_g0_vis",
    "body_id": 23,
    "body_name": "dark_cube_main",
    "initial_keypoint": [
      0.0008763405393573676,
      -0.048664072412776815,
      0.8522273587345828
    ],
    "initial_pos": [
      -0.0027169940355312727,
      -0.034144779862558525,
      0.8307362235111699
    ],
    "initial_rot": [
      [
        -0.6535643164302746,
        -0.7568709825915034,
        0.0
      ],
      [
        0.7568709825915034,
        -0.6535643164302746,
        0.0
      ],
      [
        0.0,
        0.0,
        0.9999999999999999
      ]
    ],
    "keypoint_offset": [
      0.0035933345748886403,
      -0.01451929255021829,
      0.02149113522341284
    ]
  },
  "349": {
    "geom_id": 121,
    "geom_name": "dark_cube_g0_vis",
    "body_id": 23,
    "body_name": "dark_cube_main",
    "initial_keypoint": [
      0.010519893785157719,
      -0.04942526881226958,
      0.8269431337670957
    ],
    "initial_pos": [
      -0.0027169940355312727,
      -0.034144779862558525,
      0.8307362235111699
    ],
    "initial_rot": [
      [
        -0.6535643164302746,
        -0.7568709825915034,
        0.0
      ],
      [
        0.7568709825915034,
        -0.6535643164302746,
        0.0
      ],
      [
        0.0,
        0.0,
        0.9999999999999999
      ]
    ],
    "keypoint_offset": [
      0.013236887820688992,
      -0.015280488949711055,
      -0.0037930897440742184
    ]
  },
  "351": {
    "geom_id": 119,
    "geom_name": "red_cube_g0_vis",
    "body_id": 22,
    "body_name": "red_cube_main",
    "initial_keypoint": [
      0.09608378828728936,
      -0.0439168696765236,
      0.8541413505152844
    ],
    "initial_pos": [
      0.1189496008030608,
      -0.046069276121395025,
      0.8317312477059701
    ],
    "initial_rot": [
      [
        -0.8168540351380275,
        0.576844420341154,
        0.0
      ],
      [
        -0.576844420341154,
        -0.8168540351380275,
        0.0
      ],
      [
        0.0,
        0.0,
        0.9999999999999999
      ]
    ],
    "keypoint_offset": [
      -0.02286581251577144,
      0.002152406444871427,
      0.022410102809314325
    ]
  },
  "352": {
    "geom_id": 119,
    "geom_name": "red_cube_g0_vis",
    "body_id": 22,
    "body_name": "red_cube_main",
    "initial_keypoint": [
      0.12338295175304309,
      -0.042583426309221795,
      0.8541211508423769
    ],
    "initial_pos": [
      0.1189496008030608,
      -0.046069276121395025,
      0.8317312477059701
    ],
    "initial_rot": [
      [
        -0.8168540351380275,
        0.576844420341154,
        0.0
      ],
      [
        -0.576844420341154,
        -0.8168540351380275,
        0.0
      ],
      [
        0.0,
        0.0,
        0.9999999999999999
      ]
    ],
    "keypoint_offset": [
      0.00443335094998229,
      0.0034858498121732306,
      0.022389903136406875
    ]
  },
  "353": {
    "geom_id": 119,
    "geom_name": "red_cube_g0_vis",
    "body_id": 22,
    "body_name": "red_cube_main",
    "initial_keypoint": [
      0.140429143930915,
      -0.04234658011618007,
      0.8418871427850051
    ],
    "initial_pos": [
      0.1189496008030608,
      -0.046069276121395025,
      0.8317312477059701
    ],
    "initial_rot": [
      [
        -0.8168540351380275,
        0.576844420341154,
        0.0
      ],
      [
        -0.576844420341154,
        -0.8168540351380275,
        0.0
      ],
      [
        0.0,
        0.0,
        0.9999999999999999
      ]
    ],
    "keypoint_offset": [
      0.02147954312785419,
      0.003722696005214958,
      0.010155895079035027
    ]
  },
  "360": {
    "geom_id": 75,
    "geom_name": "gripper0_right_wiping_surface_vis",
    "body_id": 14,
    "body_name": "gripper0_right_wiping_gripper",
    "initial_keypoint": [
      -0.08397082795448141,
      -0.020146095867115604,
      1.1090380391061845
    ],
    "initial_pos": [
      -0.10679917202207417,
      0.005198747547955858,
      1.1011109883219674
    ],
    "initial_rot": [
      [
        0.02893175091978979,
        0.9899999776023064,
        0.13806881666816076
      ],
      [
        0.999401983545657,
        -0.03126615415852689,
        0.014768306915135691
      ],
      [
        0.018937504421640432,
        0.13755897626678595,
        -0.9903125259102362
      ]
    ],
    "keypoint_offset": [
      0.022828344067592765,
      -0.025344843415071462,
      0.007927050784217071
    ]
  },
  "361": {
    "geom_id": 75,
    "geom_name": "gripper0_right_wiping_surface_vis",
    "body_id": 14,
    "body_name": "gripper0_right_wiping_gripper",
    "initial_keypoint": [
      -0.46785672799569367,
      -0.034223283217598335,
      0.9164323494524219
    ],
    "initial_pos": [
      -0.10679917202207417,
      0.005198747547955858,
      1.1011109883219674
    ],
    "initial_rot": [
      [
        0.02893175091978979,
        0.9899999776023064,
        0.13806881666816076
      ],
      [
        0.999401983545657,
        -0.03126615415852689,
        0.014768306915135691
      ],
      [
        0.018937504421640432,
        0.13755897626678595,
        -0.9903125259102362
      ]
    ],
    "keypoint_offset": [
      -0.3610575559736195,
      -0.03942203076555419,
      -0.1846786388695455
    ]
  },
  "372": {
    "geom_id": 121,
    "geom_name": "dark_cube_g0_vis",
    "body_id": 23,
    "body_name": "dark_cube_main",
    "initial_keypoint": [
      0.0008743569547323693,
      -0.024332132905176374,
      0.8522253805190859
    ],
    "initial_pos": [
      -0.0027169940355312727,
      -0.034144779862558525,
      0.8307362235111699
    ],
    "initial_rot": [
      [
        -0.6535643164302746,
        -0.7568709825915034,
        0.0
      ],
      [
        0.7568709825915034,
        -0.6535643164302746,
        0.0
      ],
      [
        0.0,
        0.0,
        0.9999999999999999
      ]
    ],
    "keypoint_offset": [
      0.003591350990263642,
      0.00981264695738215,
      0.021489157007915982
    ]
  },
  "373": {
    "geom_id": 121,
    "geom_name": "dark_cube_g0_vis",
    "body_id": 23,
    "body_name": "dark_cube_main",
    "initial_keypoint": [
      0.015371473431773752,
      -0.024467690203956238,
      0.832127516163884
    ],
    "initial_pos": [
      -0.0027169940355312727,
      -0.034144779862558525,
      0.8307362235111699
    ],
    "initial_rot": [
      [
        -0.6535643164302746,
        -0.7568709825915034,
        0.0
      ],
      [
        0.7568709825915034,
        -0.6535643164302746,
        0.0
      ],
      [
        0.0,
        0.0,
        0.9999999999999999
      ]
    ],
    "keypoint_offset": [
      0.018088467467305025,
      0.009677089658602287,
      0.0013912926527140934
    ]
  },
  "376": {
    "geom_id": 119,
    "geom_name": "red_cube_g0_vis",
    "body_id": 22,
    "body_name": "red_cube_main",
    "initial_keypoint": [
      0.12338295175304309,
      -0.021291713154610897,
      0.8541211508423769
    ],
    "initial_pos": [
      0.1189496008030608,
      -0.046069276121395025,
      0.8317312477059701
    ],
    "initial_rot": [
      [
        -0.8168540351380275,
        0.576844420341154,
        0.0
      ],
      [
        -0.576844420341154,
        -0.8168540351380275,
        0.0
      ],
      [
        0.0,
        0.0,
        0.9999999999999999
      ]
    ],
    "keypoint_offset": [
      0.00443335094998229,
      0.024777562966784128,
      0.022389903136406875
    ]
  },
  "377": {
    "geom_id": 119,
    "geom_name": "red_cube_g0_vis",
    "body_id": 22,
    "body_name": "red_cube_main",
    "initial_keypoint": [
      0.12603845524109653,
      -0.02202068416865905,
      0.8215515293056126
    ],
    "initial_pos": [
      0.1189496008030608,
      -0.046069276121395025,
      0.8317312477059701
    ],
    "initial_rot": [
      [
        -0.8168540351380275,
        0.576844420341154,
        0.0
      ],
      [
        -0.576844420341154,
        -0.8168540351380275,
        0.0
      ],
      [
        0.0,
        0.0,
        0.9999999999999999
      ]
    ],
    "keypoint_offset": [
      0.007088854438035724,
      0.024048591952735975,
      -0.010179718400357474
    ]
  },
  "384": {
    "geom_id": 75,
    "geom_name": "gripper0_right_wiping_surface_vis",
    "body_id": 14,
    "body_name": "gripper0_right_wiping_gripper",
    "initial_keypoint": [
      -0.08336830474326296,
      0.0,
      1.1092866562759287
    ],
    "initial_pos": [
      -0.10679917202207417,
      0.005198747547955858,
      1.1011109883219674
    ],
    "initial_rot": [
      [
        0.02893175091978979,
        0.9899999776023064,
        0.13806881666816076
      ],
      [
        0.999401983545657,
        -0.03126615415852689,
        0.014768306915135691
      ],
      [
        0.018937504421640432,
        0.13755897626678595,
        -0.9903125259102362
      ]
    ],
    "keypoint_offset": [
      0.023430867278811218,
      -0.005198747547955858,
      0.008175667953961296
    ]
  },
  "408": {
    "geom_id": 75,
    "geom_name": "gripper0_right_wiping_surface_vis",
    "body_id": 14,
    "body_name": "gripper0_right_wiping_gripper",
    "initial_keypoint": [
      -0.08276894234865295,
      0.020104632661288802,
      1.1095339692083181
    ],
    "initial_pos": [
      -0.10679917202207417,
      0.005198747547955858,
      1.1011109883219674
    ],
    "initial_rot": [
      [
        0.02893175091978979,
        0.9899999776023064,
        0.13806881666816076
      ],
      [
        0.999401983545657,
        -0.03126615415852689,
        0.014768306915135691
      ],
      [
        0.018937504421640432,
        0.13755897626678595,
        -0.9903125259102362
      ]
    ],
    "keypoint_offset": [
      0.024030229673421222,
      0.014905885113332944,
      0.00842298088635074
    ]
  },
  "432": {
    "geom_id": 75,
    "geom_name": "gripper0_right_wiping_surface_vis",
    "body_id": 14,
    "body_name": "gripper0_right_wiping_gripper",
    "initial_keypoint": [
      -0.08216892393550157,
      0.040167865896802435,
      1.1097815528314792
    ],
    "initial_pos": [
      -0.10679917202207417,
      0.005198747547955858,
      1.1011109883219674
    ],
    "initial_rot": [
      [
        0.02893175091978979,
        0.9899999776023064,
        0.13806881666816076
      ],
      [
        0.999401983545657,
        -0.03126615415852689,
        0.014768306915135691
      ],
      [
        0.018937504421640432,
        0.13755897626678595,
        -0.9903125259102362
      ]
    ],
    "keypoint_offset": [
      0.024630248086572604,
      0.03496911834884658,
      0.008670564509511758
    ]
  },
  "441": {
    "geom_id": 125,
    "geom_name": "blue_cube_g0_vis",
    "body_id": 25,
    "body_name": "blue_cube_main",
    "initial_keypoint": [
      -0.11382204066370294,
      0.05424500386918067,
      0.8527548406362604
    ],
    "initial_pos": [
      -0.10975257623532494,
      0.06119452972462411,
      0.8309574513949622
    ],
    "initial_rot": [
      [
        0.9999978663831863,
        -0.002065727250882378,
        0.0
      ],
      [
        0.002065727250882378,
        0.9999978663831863,
        0.0
      ],
      [
        0.0,
        0.0,
        1.0
      ]
    ],
    "keypoint_offset": [
      -0.004069464428377995,
      -0.006949525855443436,
      0.02179738924129815
    ]
  },
  "442": {
    "geom_id": 125,
    "geom_name": "blue_cube_g0_vis",
    "body_id": 25,
    "body_name": "blue_cube_main",
    "initial_keypoint": [
      -0.08951703394126276,
      0.053774998381566,
      0.8380251366241704
    ],
    "initial_pos": [
      -0.10975257623532494,
      0.06119452972462411,
      0.8309574513949622
    ],
    "initial_rot": [
      [
        0.9999978663831863,
        -0.002065727250882378,
        0.0
      ],
      [
        0.002065727250882378,
        0.9999978663831863,
        0.0
      ],
      [
        0.0,
        0.0,
        1.0
      ]
    ],
    "keypoint_offset": [
      0.020235542294062187,
      -0.00741953134305811,
      0.007067685229208198
    ]
  },
  "456": {
    "geom_id": 75,
    "geom_name": "gripper0_right_wiping_surface_vis",
    "body_id": 14,
    "body_name": "gripper0_right_wiping_gripper",
    "initial_keypoint": [
      -0.0815700982833345,
      0.06018982315180214,
      1.1100286442896006
    ],
    "initial_pos": [
      -0.10679917202207417,
      0.005198747547955858,
      1.1011109883219674
    ],
    "initial_rot": [
      [
        0.02893175091978979,
        0.9899999776023064,
        0.13806881666816076
      ],
      [
        0.999401983545657,
        -0.03126615415852689,
        0.014768306915135691
      ],
      [
        0.018937504421640432,
        0.13755897626678595,
        -0.9903125259102362
      ]
    ],
    "keypoint_offset": [
      0.02522907373873967,
      0.05499107560384628,
      0.008917655967633165
    ]
  },
  "466": {
    "geom_id": 125,
    "geom_name": "blue_cube_g0_vis",
    "body_id": 25,
    "body_name": "blue_cube_main",
    "initial_keypoint": [
      -0.08957378183696951,
      0.0806702622792805,
      0.8379758530674986
    ],
    "initial_pos": [
      -0.10975257623532494,
      0.06119452972462411,
      0.8309574513949622
    ],
    "initial_rot": [
      [
        0.9999978663831863,
        -0.002065727250882378,
        0.0
      ],
      [
        0.002065727250882378,
        0.9999978663831863,
        0.0
      ],
      [
        0.0,
        0.0,
        1.0
      ]
    ],
    "keypoint_offset": [
      0.020178794398355432,
      0.019475732554656386,
      0.007018401672536312
    ]
  },
  "491": {
    "geom_id": 123,
    "geom_name": "light_cube_g0_vis",
    "body_id": 24,
    "body_name": "light_cube_main",
    "initial_keypoint": [
      -0.03834313246104548,
      0.1014823988236892,
      0.8489449644402925
    ],
    "initial_pos": [
      -0.051932837047053426,
      0.12211708396998286,
      0.8300898052723286
    ],
    "initial_rot": [
      [
        -0.9980788264367553,
        0.06195689000126725,
        0.0
      ],
      [
        -0.06195689000126725,
        -0.9980788264367553,
        0.0
      ],
      [
        0.0,
        0.0,
        1.0
      ]
    ],
    "keypoint_offset": [
      0.013589704586007945,
      -0.020634685146293658,
      0.018855159167963986
    ]
  },
  "492": {
    "geom_id": 123,
    "geom_name": "light_cube_g0_vis",
    "body_id": 24,
    "body_name": "light_cube_main",
    "initial_keypoint": [
      -0.03125549357784285,
      0.10359379011243294,
      0.820182498439832
    ],
    "initial_pos": [
      -0.051932837047053426,
      0.12211708396998286,
      0.8300898052723286
    ],
    "initial_rot": [
      [
        -0.9980788264367553,
        0.06195689000126725,
        0.0
      ],
      [
        -0.06195689000126725,
        -0.9980788264367553,
        0.0
      ],
      [
        0.0,
        0.0,
        1.0
      ]
    ],
    "keypoint_offset": [
      0.020677343469210574,
      -0.018523293857549916,
      -0.00990730683249652
    ]
  },
  "515": {
    "geom_id": 123,
    "geom_name": "light_cube_g0_vis",
    "body_id": 24,
    "body_name": "light_cube_main",
    "initial_keypoint": [
      -0.03617570472089482,
      0.12634227462257946,
      0.8509622662649663
    ],
    "initial_pos": [
      -0.051932837047053426,
      0.12211708396998286,
      0.8300898052723286
    ],
    "initial_rot": [
      [
        -0.9980788264367553,
        0.06195689000126725,
        0.0
      ],
      [
        -0.06195689000126725,
        -0.9980788264367553,
        0.0
      ],
      [
        0.0,
        0.0,
        1.0
      ]
    ],
    "keypoint_offset": [
      0.015757132326158607,
      0.004225190652596605,
      0.02087246099263773
    ]
  },
  "516": {
    "geom_id": 123,
    "geom_name": "light_cube_g0_vis",
    "body_id": 24,
    "body_name": "light_cube_main",
    "initial_keypoint": [
      -0.032890726979570406,
      0.12989082181484907,
      0.8185516912560112
    ],
    "initial_pos": [
      -0.051932837047053426,
      0.12211708396998286,
      0.8300898052723286
    ],
    "initial_rot": [
      [
        -0.9980788264367553,
        0.06195689000126725,
        0.0
      ],
      [
        -0.06195689000126725,
        -0.9980788264367553,
        0.0
      ],
      [
        0.0,
        0.0,
        1.0
      ]
    ],
    "keypoint_offset": [
      0.01904211006748302,
      0.0077737378448662076,
      -0.011538114016317325
    ]
  }
}