{
  "229": {
    "geom_id": 121,
    "geom_name": "blue_cube_g0_vis",
    "body_id": 23,
    "body_name": "blue_cube_main",
    "initial_keypoint": [
      0.028530732224640476,
      -0.16662318345993407,
      0.8461894577601857
    ],
    "initial_pos": [
      0.031780024026514475,
      -0.1408943231769244,
      0.8301890892475354
    ],
    "initial_rot": [
      [
        -0.8743595745061278,
        0.4852786153020377,
        0.0
      ],
      [
        -0.4852786153020377,
        -0.8743595745061278,
        0.0
      ],
      [
        0.0,
        0.0,
        0.9999999999999999
      ]
    ],
    "keypoint_offset": [
      -0.003249291801873999,
      -0.025728860283009664,
      0.016000368512650298
    ]
  },
  "231": {
    "geom_id": 119,
    "geom_name": "light_cube_g0_vis",
    "body_id": 22,
    "body_name": "light_cube_main",
    "initial_keypoint": [
      0.09575441978905003,
      -0.1538343840138245,
      0.8537370086889751
    ],
    "initial_pos": [
      0.09938617986912082,
      -0.13603282507017553,
      0.8315282337441946
    ],
    "initial_rot": [
      [
        -0.12069259028842994,
        -0.992689930768651,
        0.0
      ],
      [
        0.992689930768651,
        -0.12069259028842994,
        0.0
      ],
      [
        0.0,
        0.0,
        1.0
      ]
    ],
    "keypoint_offset": [
      -0.003631760080070795,
      -0.01780155894364896,
      0.022208774944780463
    ]
  },
  "232": {
    "geom_id": 119,
    "geom_name": "light_cube_g0_vis",
    "body_id": 22,
    "body_name": "light_cube_main",
    "initial_keypoint": [
      0.12104018105596609,
      -0.14996911742965402,
      0.8510365044024076
    ],
    "initial_pos": [
      0.09938617986912082,
      -0.13603282507017553,
      0.8315282337441946
    ],
    "initial_rot": [
      [
        -0.12069259028842994,
        -0.992689930768651,
        0.0
      ],
      [
        0.992689930768651,
        -0.12069259028842994,
        0.0
      ],
      [
        0.0,
        0.0,
        1.0
      ]
    ],
    "keypoint_offset": [
      0.021654001186845268,
      -0.013936292359478492,
      0.019508270658213034
    ]
  },
  "253": {
    "geom_id": 121,
    "geom_name": "blue_cube_g0_vis",
    "body_id": 23,
    "body_name": "blue_cube_main",
    "initial_keypoint": [
      0.03313381175630814,
      -0.1414254832443143,
      0.8511082937338752
    ],
    "initial_pos": [
      0.031780024026514475,
      -0.1408943231769244,
      0.8301890892475354
    ],
    "initial_rot": [
      [
        -0.8743595745061278,
        0.4852786153020377,
        0.0
      ],
      [
        -0.4852786153020377,
        -0.8743595745061278,
        0.0
      ],
      [
        0.0,
        0.0,
        0.9999999999999999
      ]
    ],
    "keypoint_offset": [
      0.0013537877297936651,
      -0.000531160067389902,
      0.02091920448633977
    ]
  },
  "254": {
    "geom_id": 121,
    "geom_name": "blue_cube_g0_vis",
    "body_id": 23,
    "body_name": "blue_cube_main",
    "initial_keypoint": [
      0.05351232347848045,
      -0.14025255575019246,
      0.8386945984837916
    ],
    "initial_pos": [
      0.031780024026514475,
      -0.1408943231769244,
      0.8301890892475354
    ],
    "initial_rot": [
      [
        -0.8743595745061278,
        0.4852786153020377,
        0.0
      ],
      [
        -0.4852786153020377,
        -0.8743595745061278,
        0.0
      ],
      [
        0.0,
        0.0,
        0.9999999999999999
      ]
    ],
    "keypoint_offset": [
      0.021732299451965975,
      0.0006417674267319429,
      0.008505509236256148
    ]
  },
  "255": {
    "geom_id": 119,
    "geom_name": "light_cube_g0_vis",
    "body_id": 22,
    "body_name": "light_cube_main",
    "initial_keypoint": [
      0.09575441978905003,
      -0.13185804344042099,
      0.8537370086889751
    ],
    "initial_pos": [
      0.09938617986912082,
      -0.13603282507017553,
      0.8315282337441946
    ],
    "initial_rot": [
      [
        -0.12069259028842994,
        -0.992689930768651,
        0.0
      ],
      [
        0.992689930768651,
        -0.12069259028842994,
        0.0
      ],
      [
        0.0,
        0.0,
        1.0
      ]
    ],
    "keypoint_offset": [
      -0.003631760080070795,
      0.004174781629754543,
      0.022208774944780463
    ]
  },
  "256": {
    "geom_id": 119,
    "geom_name": "light_cube_g0_vis",
    "body_id": 22,
    "body_name": "light_cube_main",
    "initial_keypoint": [
      0.1185356090615034,
      -0.12939452042917096,
      0.8477388197011241
    ],
    "initial_pos": [
      0.09938617986912082,
      -0.13603282507017553,
      0.8315282337441946
    ],
    "initial_rot": [
      [
        -0.12069259028842994,
        -0.992689930768651,
        0.0
      ],
      [
        0.992689930768651,
        -0.12069259028842994,
        0.0
      ],
      [
        0.0,
        0.0,
        1.0
      ]
    ],
    "keypoint_offset": [
      0.019149429192382578,
      0.0066383046410045665,
      0.01621058595692948
    ]
  },
  "257": {
    "geom_id": 119,
    "geom_name": "light_cube_g0_vis",
    "body_id": 22,
    "body_name": "light_cube_main",
    "initial_keypoint": [
      0.11913429844848739,
      -0.1345634080629506,
      0.8117952023526882
    ],
    "initial_pos": [
      0.09938617986912082,
      -0.13603282507017553,
      0.8315282337441946
    ],
    "initial_rot": [
      [
        -0.12069259028842994,
        -0.992689930768651,
        0.0
      ],
      [
        0.992689930768651,
        -0.12069259028842994,
        0.0
      ],
      [
        0.0,
        0.0,
        1.0
      ]
    ],
    "keypoint_offset": [
      0.019748118579366564,
      0.0014694170072249157,
      -0.019733031391506395
    ]
  },
  "277": {
    "geom_id": 121,
    "geom_name": "blue_cube_g0_vis",
    "body_id": 23,
    "body_name": "blue_cube_main",
    "initial_keypoint": [
      0.03313381175630814,
      -0.11785456937026192,
      0.8511082937338752
    ],
    "initial_pos": [
      0.031780024026514475,
      -0.1408943231769244,
      0.8301890892475354
    ],
    "initial_rot": [
      [
        -0.8743595745061278,
        0.4852786153020377,
        0.0
      ],
      [
        -0.4852786153020377,
        -0.8743595745061278,
        0.0
      ],
      [
        0.0,
        0.0,
        0.9999999999999999
      ]
    ],
    "keypoint_offset": [
      0.0013537877297936651,
      0.023039753806662483,
      0.02091920448633977
    ]
  },
  "278": {
    "geom_id": 121,
    "geom_name": "blue_cube_g0_vis",
    "body_id": 23,
    "body_name": "blue_cube_main",
    "initial_keypoint": [
      0.04216271628750912,
      -0.11984811775521259,
      0.82569734062655
    ],
    "initial_pos": [
      0.031780024026514475,
      -0.1408943231769244,
      0.8301890892475354
    ],
    "initial_rot": [
      [
        -0.8743595745061278,
        0.4852786153020377,
        0.0
      ],
      [
        -0.4852786153020377,
        -0.8743595745061278,
        0.0
      ],
      [
        0.0,
        0.0,
        0.9999999999999999
      ]
    ],
    "keypoint_offset": [
      0.010382692260994641,
      0.021046205421711817,
      -0.004491748620985447
    ]
  },
  "336": {
    "geom_id": 75,
    "geom_name": "gripper0_right_wiping_surface_vis",
    "body_id": 14,
    "body_name": "gripper0_right_wiping_gripper",
    "initial_keypoint": [
      -0.08515846006654748,
      -0.040374134698637,
      1.108547990376274
    ],
    "initial_pos": [
      -0.10997328981584019,
      -0.0009232762875070785,
      1.096356805509186
    ],
    "initial_rot": [
      [
        -0.042351844451167756,
        0.990276865645639,
        0.132506794688538
      ],
      [
        0.9989892795227032,
        0.04397180886887335,
        -0.009321986028042753
      ],
      [
        -0.015057910555314066,
        0.13197806405552986,
        -0.99113825974879
      ]
    ],
    "keypoint_offset": [
      0.024814829749292708,
      -0.03945085841112992,
      0.012191184867088145
    ]
  },
  "337": {
    "geom_id": 75,
    "geom_name": "gripper0_right_wiping_surface_vis",
    "body_id": 14,
    "body_name": "gripper0_right_wiping_gripper",
    "initial_keypoint": [
      -0.08253433768667262,
      -0.04119667104843594,
      1.089043975364891
    ],
    "initial_pos": [
      -0.10997328981584019,
      -0.0009232762875070785,
      1.096356805509186
    ],
    "initial_rot": [
      [
        -0.042351844451167756,
        0.990276865645639,
        0.132506794688538
      ],
      [
        0.9989892795227032,
        0.04397180886887335,
        -0.009321986028042753
      ],
      [
        -0.015057910555314066,
        0.13197806405552986,
        -0.99113825974879
      ]
    ],
    "keypoint_offset": [
      0.027438952129167568,
      -0.04027339476092886,
      -0.007312830144294846
    ]
  },
  "360": {
    "geom_id": 75,
    "geom_name": "gripper0_right_wiping_surface_vis",
    "body_id": 14,
    "body_name": "gripper0_right_wiping_gripper",
    "initial_keypoint": [
      -0.08600752697322034,
      -0.02021635885238783,
      1.1081976426928484
    ],
    "initial_pos": [
      -0.10997328981584019,
      -0.0009232762875070785,
      1.096356805509186
    ],
    "initial_rot": [
      [
        -0.042351844451167756,
        0.990276865645639,
        0.132506794688538
      ],
      [
        0.9989892795227032,
        0.04397180886887335,
        -0.009321986028042753
      ],
      [
        -0.015057910555314066,
        0.13197806405552986,
        -0.99113825974879
      ]
    ],
    "keypoint_offset": [
      0.02396576284261985,
      -0.019293082564880753,
      0.011840837183662467
    ]
  },
  "361": {
    "geom_id": 75,
    "geom_name": "gripper0_right_wiping_surface_vis",
    "body_id": 14,
    "body_name": "gripper0_right_wiping_gripper",
    "initial_keypoint": [
      -0.08339489688040069,
      -0.020628764781111655,
      1.0886584734440081
    ],
    "initial_pos": [
      -0.10997328981584019,
      -0.0009232762875070785,
      1.096356805509186
    ],
    "initial_rot": [
      [
        -0.042351844451167756,
        0.990276865645639,
        0.132506794688538
      ],
      [
        0.9989892795227032,
        0.04397180886887335,
        -0.009321986028042753
      ],
      [
        -0.015057910555314066,
        0.13197806405552986,
        -0.99113825974879
      ]
    ],
    "keypoint_offset": [
      0.026578392935439496,
      -0.019705488493604578,
      -0.007698332065177782
    ]
  },
  "372": {
    "geom_id": 123,
    "geom_name": "green_cube_g0_vis",
    "body_id": 24,
    "body_name": "green_cube_main",
    "initial_keypoint": [
      0.0011706707345684464,
      -0.02431768775219121,
      0.8525208922425569
    ],
    "initial_pos": [
      -0.0034870257408313177,
      -0.012140924337657233,
      0.8308832251785045
    ],
    "initial_rot": [
      [
        0.9254850770657708,
        -0.37878407058450103,
        0.0
      ],
      [
        0.37878407058450103,
        0.9254850770657708,
        0.0
      ],
      [
        0.0,
        0.0,
        1.0
      ]
    ],
    "keypoint_offset": [
      0.004657696475399764,
      -0.012176763414533977,
      0.021637667064052346
    ]
  },
  "373": {
    "geom_id": 123,
    "geom_name": "green_cube_g0_vis",
    "body_id": 24,
    "body_name": "green_cube_main",
    "initial_keypoint": [
      0.023436968881215936,
      -0.024060483378151303,
      0.840746278644395
    ],
    "initial_pos": [
      -0.0034870257408313177,
      -0.012140924337657233,
      0.8308832251785045
    ],
    "initial_rot": [
      [
        0.9254850770657708,
        -0.37878407058450103,
        0.0
      ],
      [
        0.37878407058450103,
        0.9254850770657708,
        0.0
      ],
      [
        0.0,
        0.0,
        1.0
      ]
    ],
    "keypoint_offset": [
      0.026923994622047254,
      -0.01191955904049407,
      0.009863053465890448
    ]
  },
  "384": {
    "geom_id": 75,
    "geom_name": "gripper0_right_wiping_surface_vis",
    "body_id": 14,
    "body_name": "gripper0_right_wiping_gripper",
    "initial_keypoint": [
      -0.08685909867796027,
      0.0,
      1.1078462614628397
    ],
    "initial_pos": [
      -0.10997328981584019,
      -0.0009232762875070785,
      1.096356805509186
    ],
    "initial_rot": [
      [
        -0.042351844451167756,
        0.990276865645639,
        0.132506794688538
      ],
      [
        0.9989892795227032,
        0.04397180886887335,
        -0.009321986028042753
      ],
      [
        -0.015057910555314066,
        0.13197806405552986,
        -0.99113825974879
      ]
    ],
    "keypoint_offset": [
      0.023114191137879922,
      0.0009232762875070785,
      0.011489455953653804
    ]
  },
  "385": {
    "geom_id": 75,
    "geom_name": "gripper0_right_wiping_surface_vis",
    "body_id": 14,
    "body_name": "gripper0_right_wiping_gripper",
    "initial_keypoint": [
      -0.08426191463197208,
      0.0,
      1.0882700783038408
    ],
    "initial_pos": [
      -0.10997328981584019,
      -0.0009232762875070785,
      1.096356805509186
    ],
    "initial_rot": [
      [
        -0.042351844451167756,
        0.990276865645639,
        0.132506794688538
      ],
      [
        0.9989892795227032,
        0.04397180886887335,
        -0.009321986028042753
      ],
      [
        -0.015057910555314066,
        0.13197806405552986,
        -0.99113825974879
      ]
    ],
    "keypoint_offset": [
      0.02571137518386811,
      0.0009232762875070785,
      -0.00808672720534509
    ]
  },
  "396": {
    "geom_id": 123,
    "geom_name": "green_cube_g0_vis",
    "body_id": 24,
    "body_name": "green_cube_main",
    "initial_keypoint": [
      0.0011686871499433926,
      0.0,
      0.85251891402706
    ],
    "initial_pos": [
      -0.0034870257408313177,
      -0.012140924337657233,
      0.8308832251785045
    ],
    "initial_rot": [
      [
        0.9254850770657708,
        -0.37878407058450103,
        0.0
      ],
      [
        0.37878407058450103,
        0.9254850770657708,
        0.0
      ],
      [
        0.0,
        0.0,
        1.0
      ]
    ],
    "keypoint_offset": [
      0.00465571289077471,
      0.012140924337657233,
      0.02163568884855549
    ]
  },
  "397": {
    "geom_id": 123,
    "geom_name": "green_cube_g0_vis",
    "body_id": 24,
    "body_name": "green_cube_main",
    "initial_keypoint": [
      0.013570030978279468,
      0.0,
      0.8302025005555683
    ],
    "initial_pos": [
      -0.0034870257408313177,
      -0.012140924337657233,
      0.8308832251785045
    ],
    "initial_rot": [
      [
        0.9254850770657708,
        -0.37878407058450103,
        0.0
      ],
      [
        0.37878407058450103,
        0.9254850770657708,
        0.0
      ],
      [
        0.0,
        0.0,
        1.0
      ]
    ],
    "keypoint_offset": [
      0.017057056719110786,
      0.012140924337657233,
      -0.000680724622936224
    ]
  },
  "408": {
    "geom_id": 75,
    "geom_name": "gripper0_right_wiping_surface_vis",
    "body_id": 14,
    "body_name": "gripper0_right_wiping_gripper",
    "initial_keypoint": [
      -0.0877131155427181,
      0.02027519903615406,
      1.1074938712945
    ],
    "initial_pos": [
      -0.10997328981584019,
      -0.0009232762875070785,
      1.096356805509186
    ],
    "initial_rot": [
      [
        -0.042351844451167756,
        0.990276865645639,
        0.132506794688538
      ],
      [
        0.9989892795227032,
        0.04397180886887335,
        -0.009321986028042753
      ],
      [
        -0.015057910555314066,
        0.13197806405552986,
        -0.99113825974879
      ]
    ],
    "keypoint_offset": [
      0.022260174273122088,
      0.021198475323661137,
      0.011137065785314038
    ]
  },
  "409": {
    "geom_id": 75,
    "geom_name": "gripper0_right_wiping_surface_vis",
    "body_id": 14,
    "body_name": "gripper0_right_wiping_gripper",
    "initial_keypoint": [
      -0.08512951423560144,
      0.020690100616575786,
      1.0878814225132873
    ],
    "initial_pos": [
      -0.10997328981584019,
      -0.0009232762875070785,
      1.096356805509186
    ],
    "initial_rot": [
      [
        -0.042351844451167756,
        0.990276865645639,
        0.132506794688538
      ],
      [
        0.9989892795227032,
        0.04397180886887335,
        -0.009321986028042753
      ],
      [
        -0.015057910555314066,
        0.13197806405552986,
        -0.99113825974879
      ]
    ],
    "keypoint_offset": [
      0.024843775580238744,
      0.021613376904082864,
      -0.008475382995898562
    ]
  },
  "432": {
    "geom_id": 75,
    "geom_name": "gripper0_right_wiping_surface_vis",
    "body_id": 14,
    "body_name": "gripper0_right_wiping_gripper",
    "initial_keypoint": [
      -0.0885696372055429,
      0.04060949543370191,
      1.107140447579577
    ],
    "initial_pos": [
      -0.10997328981584019,
      -0.0009232762875070785,
      1.096356805509186
    ],
    "initial_rot": [
      [
        -0.042351844451167756,
        0.990276865645639,
        0.132506794688538
      ],
      [
        0.9989892795227032,
        0.04397180886887335,
        -0.009321986028042753
      ],
      [
        -0.015057910555314066,
        0.13197806405552986,
        -0.99113825974879
      ]
    ],
    "keypoint_offset": [
      0.021403652610297294,
      0.04153277172120899,
      0.010783642070391064
    ]
  },
  "433": {
    "geom_id": 75,
    "geom_name": "gripper0_right_wiping_surface_vis",
    "body_id": 14,
    "body_name": "gripper0_right_wiping_gripper",
    "initial_keypoint": [
      -0.08599973217349177,
      0.04144174281071776,
      1.087491593795997
    ],
    "initial_pos": [
      -0.10997328981584019,
      -0.0009232762875070785,
      1.096356805509186
    ],
    "initial_rot": [
      [
        -0.042351844451167756,
        0.990276865645639,
        0.132506794688538
      ],
      [
        0.9989892795227032,
        0.04397180886887335,
        -0.009321986028042753
      ],
      [
        -0.015057910555314066,
        0.13197806405552986,
        -0.99113825974879
      ]
    ],
    "keypoint_offset": [
      0.023973557642348417,
      0.04236501909822484,
      -0.00886521171318888
    ]
  },
  "443": {
    "geom_id": 117,
    "geom_name": "dark_cube_g0_vis",
    "body_id": 21,
    "body_name": "dark_cube_main",
    "initial_keypoint": [
      -0.03239446076138741,
      0.05018051103532892,
      0.8544816040485278
    ],
    "initial_pos": [
      -0.03576169143015154,
      0.05560082081534412,
      0.8318525196390193
    ],
    "initial_rot": [
      [
        -0.9838247524159691,
        -0.17913362759029156,
        0.0
      ],
      [
        0.17913362759029156,
        -0.9838247524159691,
        0.0
      ],
      [
        0.0,
        0.0,
        1.0
      ]
    ],
    "keypoint_offset": [
      0.0033672306687641262,
      -0.005420309780015203,
      0.022629084409508504
    ]
  },
  "444": {
    "geom_id": 117,
    "geom_name": "dark_cube_g0_vis",
    "body_id": 21,
    "body_name": "dark_cube_main",
    "initial_keypoint": [
      -0.015649831458140695,
      0.05027535814437549,
      0.8357459194574093
    ],
    "initial_pos": [
      -0.03576169143015154,
      0.05560082081534412,
      0.8318525196390193
    ],
    "initial_rot": [
      [
        -0.9838247524159691,
        -0.17913362759029156,
        0.0
      ],
      [
        0.17913362759029156,
        -0.9838247524159691,
        0.0
      ],
      [
        0.0,
        0.0,
        1.0
      ]
    ],
    "keypoint_offset": [
      0.020111859972010843,
      -0.005325462670968631,
      0.0038933998183899865
    ]
  },
  "466": {
    "geom_id": 125,
    "geom_name": "red_cube_g0_vis",
    "body_id": 25,
    "body_name": "red_cube_main",
    "initial_keypoint": [
      -0.08543592195995964,
      0.08010408676090304,
      0.8415694392121382
    ],
    "initial_pos": [
      -0.09236586574960848,
      0.10108446564978926,
      0.8305743985209394
    ],
    "initial_rot": [
      [
        0.3217020829537529,
        0.9468409421984333,
        0.0
      ],
      [
        -0.9468409421984333,
        0.3217020829537529,
        0.0
      ],
      [
        0.0,
        0.0,
        1.0
      ]
    ],
    "keypoint_offset": [
      0.00692994378964884,
      -0.020980378888886222,
      0.010995040691198832
    ]
  },
  "467": {
    "geom_id": 117,
    "geom_name": "dark_cube_g0_vis",
    "body_id": 21,
    "body_name": "dark_cube_main",
    "initial_keypoint": [
      -0.032392277922806856,
      0.07527045793984029,
      0.8544836356937678
    ],
    "initial_pos": [
      -0.03576169143015154,
      0.05560082081534412,
      0.8318525196390193
    ],
    "initial_rot": [
      [
        -0.9838247524159691,
        -0.17913362759029156,
        0.0
      ],
      [
        0.17913362759029156,
        -0.9838247524159691,
        0.0
      ],
      [
        0.0,
        0.0,
        1.0
      ]
    ],
    "keypoint_offset": [
      0.003369413507344682,
      0.019669637124496167,
      0.022631116054748546
    ]
  },
  "489": {
    "geom_id": 125,
    "geom_name": "red_cube_g0_vis",
    "body_id": 25,
    "body_name": "red_cube_main",
    "initial_keypoint": [
      -0.11476642044593988,
      0.10865692219091515,
      0.8519898171535412
    ],
    "initial_pos": [
      -0.09236586574960848,
      0.10108446564978926,
      0.8305743985209394
    ],
    "initial_rot": [
      [
        0.3217020829537529,
        0.9468409421984333,
        0.0
      ],
      [
        -0.9468409421984333,
        0.3217020829537529,
        0.0
      ],
      [
        0.0,
        0.0,
        1.0
      ]
    ],
    "keypoint_offset": [
      -0.0224005546963314,
      0.007572456541125885,
      0.021415418632601768
    ]
  },
  "490": {
    "geom_id": 125,
    "geom_name": "red_cube_g0_vis",
    "body_id": 25,
    "body_name": "red_cube_main",
    "initial_keypoint": [
      -0.07347357380806674,
      0.10462306847090118,
      0.8519583189358915
    ],
    "initial_pos": [
      -0.09236586574960848,
      0.10108446564978926,
      0.8305743985209394
    ],
    "initial_rot": [
      [
        0.3217020829537529,
        0.9468409421984333,
        0.0
      ],
      [
        -0.9468409421984333,
        0.3217020829537529,
        0.0
      ],
      [
        0.0,
        0.0,
        1.0
      ]
    ],
    "keypoint_offset": [
      0.01889229194154174,
      0.0035386028211119164,
      0.021383920414952073
    ]
  },
  "491": {
    "geom_id": 125,
    "geom_name": "red_cube_g0_vis",
    "body_id": 25,
    "body_name": "red_cube_main",
    "initial_keypoint": [
      -0.07427234989915499,
      0.10825537121549567,
      0.8155043682190952
    ],
    "initial_pos": [
      -0.09236586574960848,
      0.10108446564978926,
      0.8305743985209394
    ],
    "initial_rot": [
      [
        0.3217020829537529,
        0.9468409421984333,
        0.0
      ],
      [
        -0.9468409421984333,
        0.3217020829537529,
        0.0
      ],
      [
        0.0,
        0.0,
        1.0
      ]
    ],
    "keypoint_offset": [
      0.01809351585045349,
      0.007170905565706404,
      -0.015070030301844173
    ]
  }
}