{
  "252": {
    "geom_id": 119,
    "geom_name": "light_cube_g0_vis",
    "body_id": 22,
    "body_name": "light_cube_main",
    "initial_keypoint": [
      0.0011035242848149163,
      -0.14592576665420928,
      0.8524539275435051
    ],
    "initial_pos": [
      -0.0018340687886230778,
      -0.12478777357417474,
      0.8308503834472675
    ],
    "initial_rot": [
      [
        -0.9879146194158764,
        -0.15499904755960342,
        0.0
      ],
      [
        0.15499904755960342,
        -0.9879146194158764,
        0.0
      ],
      [
        0.0,
        0.0,
        1.0
      ]
    ],
    "keypoint_offset": [
      0.002937593073437994,
      -0.021137993080034542,
      0.02160354409623766
    ]
  },
  "253": {
    "geom_id": 119,
    "geom_name": "light_cube_g0_vis",
    "body_id": 22,
    "body_name": "light_cube_main",
    "initial_keypoint": [
      0.015348326815622426,
      -0.14681315291457542,
      0.8321027817643563
    ],
    "initial_pos": [
      -0.0018340687886230778,
      -0.12478777357417474,
      0.8308503834472675
    ],
    "initial_rot": [
      [
        -0.9879146194158764,
        -0.15499904755960342,
        0.0
      ],
      [
        0.15499904755960342,
        -0.9879146194158764,
        0.0
      ],
      [
        0.0,
        0.0,
        1.0
      ]
    ],
    "keypoint_offset": [
      0.017182395604245504,
      -0.022025379340400678,
      0.0012523983170887876
    ]
  },
  "273": {
    "geom_id": 117,
    "geom_name": "dark_cube_g0_vis",
    "body_id": 21,
    "body_name": "dark_cube_main",
    "initial_keypoint": [
      -0.11840262251349909,
      -0.1366245036374264,
      0.849044201393952
    ],
    "initial_pos": [
      -0.1341930551307915,
      -0.11624594942754704,
      0.8311633235893399
    ],
    "initial_rot": [
      [
        0.25871187962406456,
        -0.9659545348210669,
        0.0
      ],
      [
        0.9659545348210669,
        0.25871187962406456,
        0.0
      ],
      [
        0.0,
        0.0,
        1.0
      ]
    ],
    "keypoint_offset": [
      0.015790432617292405,
      -0.020378554209879357,
      0.017880877804612116
    ]
  },
  "274": {
    "geom_id": 117,
    "geom_name": "dark_cube_g0_vis",
    "body_id": 21,
    "body_name": "dark_cube_main",
    "initial_keypoint": [
      -0.11968530695161983,
      -0.1413172752431604,
      0.8118250498353277
    ],
    "initial_pos": [
      -0.1341930551307915,
      -0.11624594942754704,
      0.8311633235893399
    ],
    "initial_rot": [
      [
        0.25871187962406456,
        -0.9659545348210669,
        0.0
      ],
      [
        0.9659545348210669,
        0.25871187962406456,
        0.0
      ],
      [
        0.0,
        0.0,
        1.0
      ]
    ],
    "keypoint_offset": [
      0.014507748179171664,
      -0.02507132581561336,
      -0.019338273754012203
    ]
  },
  "276": {
    "geom_id": 119,
    "geom_name": "light_cube_g0_vis",
    "body_id": 22,
    "body_name": "light_cube_main",
    "initial_keypoint": [
      0.0011035242848149163,
      -0.12160480554517439,
      0.8524539275435051
    ],
    "initial_pos": [
      -0.0018340687886230778,
      -0.12478777357417474,
      0.8308503834472675
    ],
    "initial_rot": [
      [
        -0.9879146194158764,
        -0.15499904755960342,
        0.0
      ],
      [
        0.15499904755960342,
        -0.9879146194158764,
        0.0
      ],
      [
        0.0,
        0.0,
        1.0
      ]
    ],
    "keypoint_offset": [
      0.002937593073437994,
      0.003182968029000352,
      0.02160354409623766
    ]
  },
  "277": {
    "geom_id": 119,
    "geom_name": "light_cube_g0_vis",
    "body_id": 22,
    "body_name": "light_cube_main",
    "initial_keypoint": [
      0.01935077610881447,
      -0.121333925493611,
      0.8363797861981876
    ],
    "initial_pos": [
      -0.0018340687886230778,
      -0.12478777357417474,
      0.8308503834472675
    ],
    "initial_rot": [
      [
        -0.9879146194158764,
        -0.15499904755960342,
        0.0
      ],
      [
        0.15499904755960342,
        -0.9879146194158764,
        0.0
      ],
      [
        0.0,
        0.0,
        1.0
      ]
    ],
    "keypoint_offset": [
      0.02118484489743755,
      0.0034538480805637456,
      0.005529402750920176
    ]
  },
  "297": {
    "geom_id": 117,
    "geom_name": "dark_cube_g0_vis",
    "body_id": 21,
    "body_name": "dark_cube_main",
    "initial_keypoint": [
      -0.11331576705300073,
      -0.10840052638333632,
      0.8531649629283224
    ],
    "initial_pos": [
      -0.1341930551307915,
      -0.11624594942754704,
      0.8311633235893399
    ],
    "initial_rot": [
      [
        0.25871187962406456,
        -0.9659545348210669,
        0.0
      ],
      [
        0.9659545348210669,
        0.25871187962406456,
        0.0
      ],
      [
        0.0,
        0.0,
        1.0
      ]
    ],
    "keypoint_offset": [
      0.020877288077790768,
      0.007845423044210723,
      0.02200163933898258
    ]
  },
  "298": {
    "geom_id": 117,
    "geom_name": "dark_cube_g0_vis",
    "body_id": 21,
    "body_name": "dark_cube_main",
    "initial_keypoint": [
      -0.11171642279902838,
      -0.11159999712331511,
      0.818745746168739
    ],
    "initial_pos": [
      -0.1341930551307915,
      -0.11624594942754704,
      0.8311633235893399
    ],
    "initial_rot": [
      [
        0.25871187962406456,
        -0.9659545348210669,
        0.0
      ],
      [
        0.9659545348210669,
        0.25871187962406456,
        0.0
      ],
      [
        0.0,
        0.0,
        1.0
      ]
    ],
    "keypoint_offset": [
      0.022476632331763113,
      0.004645952304231926,
      -0.0124175774206009
    ]
  },
  "300": {
    "geom_id": 119,
    "geom_name": "light_cube_g0_vis",
    "body_id": 22,
    "body_name": "light_cube_main",
    "initial_keypoint": [
      -0.01799160082173057,
      -0.10100735676941627,
      0.8334104887494996
    ],
    "initial_pos": [
      -0.0018340687886230778,
      -0.12478777357417474,
      0.8308503834472675
    ],
    "initial_rot": [
      [
        -0.9879146194158764,
        -0.15499904755960342,
        0.0
      ],
      [
        0.15499904755960342,
        -0.9879146194158764,
        0.0
      ],
      [
        0.0,
        0.0,
        1.0
      ]
    ],
    "keypoint_offset": [
      -0.01615753203310749,
      0.023780416804758467,
      0.002560105302232163
    ]
  },
  "312": {
    "geom_id": 75,
    "geom_name": "gripper0_right_wiping_surface_vis",
    "body_id": 14,
    "body_name": "gripper0_right_wiping_gripper",
    "initial_keypoint": [
      -0.13430355235040348,
      -0.06564749245744483,
      1.0882694126834367
    ],
    "initial_pos": [
      -0.13078963767842566,
      -0.009479078682181768,
      1.072229433950112
    ],
    "initial_rot": [
      [
        0.012307088403209744,
        0.9946537321110706,
        0.10253042852026972
      ],
      [
        0.9998832202400368,
        -0.011312661783555465,
        -0.010274705143245931
      ],
      [
        -0.009059881756697578,
        0.10264490674595328,
        -0.9946768026156361
      ]
    ],
    "keypoint_offset": [
      -0.0035139146719778136,
      -0.05616841377526306,
      0.016039978733324745
    ]
  },
  "313": {
    "geom_id": 75,
    "geom_name": "gripper0_right_wiping_surface_vis",
    "body_id": 14,
    "body_name": "gripper0_right_wiping_gripper",
    "initial_keypoint": [
      -0.10745442129198579,
      -0.06443851894704324,
      1.077880606048257
    ],
    "initial_pos": [
      -0.13078963767842566,
      -0.009479078682181768,
      1.072229433950112
    ],
    "initial_rot": [
      [
        0.012307088403209744,
        0.9946537321110706,
        0.10253042852026972
      ],
      [
        0.9998832202400368,
        -0.011312661783555465,
        -0.010274705143245931
      ],
      [
        -0.009059881756697578,
        0.10264490674595328,
        -0.9946768026156361
      ]
    ],
    "keypoint_offset": [
      0.023335216386439872,
      -0.054959440264861464,
      0.005651172098145141
    ]
  },
  "337": {
    "geom_id": 75,
    "geom_name": "gripper0_right_wiping_surface_vis",
    "body_id": 14,
    "body_name": "gripper0_right_wiping_gripper",
    "initial_keypoint": [
      -0.10722092406112504,
      -0.04294249977025136,
      1.0779852050481558
    ],
    "initial_pos": [
      -0.13078963767842566,
      -0.009479078682181768,
      1.072229433950112
    ],
    "initial_rot": [
      [
        0.012307088403209744,
        0.9946537321110706,
        0.10253042852026972
      ],
      [
        0.9998832202400368,
        -0.011312661783555465,
        -0.010274705143245931
      ],
      [
        -0.009059881756697578,
        0.10264490674595328,
        -0.9946768026156361
      ]
    ],
    "keypoint_offset": [
      0.02356871361730062,
      -0.033463421088069586,
      0.005755771098043816
    ]
  },
  "361": {
    "geom_id": 75,
    "geom_name": "gripper0_right_wiping_surface_vis",
    "body_id": 14,
    "body_name": "gripper0_right_wiping_gripper",
    "initial_keypoint": [
      -0.1069876013858817,
      -0.021462999626833342,
      1.078089725852939
    ],
    "initial_pos": [
      -0.13078963767842566,
      -0.009479078682181768,
      1.072229433950112
    ],
    "initial_rot": [
      [
        0.012307088403209744,
        0.9946537321110706,
        0.10253042852026972
      ],
      [
        0.9998832202400368,
        -0.011312661783555465,
        -0.010274705143245931
      ],
      [
        -0.009059881756697578,
        0.10264490674595328,
        -0.9946768026156361
      ]
    ],
    "keypoint_offset": [
      0.02380203629254396,
      -0.011983920944651574,
      0.005860291902826997
    ]
  },
  "385": {
    "geom_id": 75,
    "geom_name": "gripper0_right_wiping_surface_vis",
    "body_id": 14,
    "body_name": "gripper0_right_wiping_gripper",
    "initial_keypoint": [
      -0.10675235859884702,
      0.0,
      1.0781951068039957
    ],
    "initial_pos": [
      -0.13078963767842566,
      -0.009479078682181768,
      1.072229433950112
    ],
    "initial_rot": [
      [
        0.012307088403209744,
        0.9946537321110706,
        0.10253042852026972
      ],
      [
        0.9998832202400368,
        -0.011312661783555465,
        -0.010274705143245931
      ],
      [
        -0.009059881756697578,
        0.10264490674595328,
        -0.9946768026156361
      ]
    ],
    "keypoint_offset": [
      0.024037279079578644,
      0.009479078682181768,
      0.005965672853883719
    ]
  },
  "393": {
    "geom_id": 121,
    "geom_name": "red_cube_g0_vis",
    "body_id": 23,
    "body_name": "red_cube_main",
    "initial_keypoint": [
      -0.11844937122178067,
      0.0,
      0.8490063311850647
    ],
    "initial_pos": [
      -0.12721221846081512,
      0.018927542173716144,
      0.8317419349667146
    ],
    "initial_rot": [
      [
        0.8428466576602843,
        -0.5381537992719996,
        0.0
      ],
      [
        0.5381537992719996,
        0.8428466576602843,
        0.0
      ],
      [
        0.0,
        0.0,
        1.0
      ]
    ],
    "keypoint_offset": [
      0.00876284723903445,
      -0.018927542173716144,
      0.017264396218350186
    ]
  },
  "394": {
    "geom_id": 121,
    "geom_name": "red_cube_g0_vis",
    "body_id": 23,
    "body_name": "red_cube_main",
    "initial_keypoint": [
      -0.1184506567882716,
      0.0,
      0.8128973001899461
    ],
    "initial_pos": [
      -0.12721221846081512,
      0.018927542173716144,
      0.8317419349667146
    ],
    "initial_rot": [
      [
        0.8428466576602843,
        -0.5381537992719996,
        0.0
      ],
      [
        0.5381537992719996,
        0.8428466576602843,
        0.0
      ],
      [
        0.0,
        0.0,
        1.0
      ]
    ],
    "keypoint_offset": [
      0.008761561672543522,
      -0.018927542173716144,
      -0.018844634776768454
    ]
  },
  "409": {
    "geom_id": 75,
    "geom_name": "gripper0_right_wiping_surface_vis",
    "body_id": 14,
    "body_name": "gripper0_right_wiping_gripper",
    "initial_keypoint": [
      -0.10651938503483849,
      0.021446443559881113,
      1.0782994712185472
    ],
    "initial_pos": [
      -0.13078963767842566,
      -0.009479078682181768,
      1.072229433950112
    ],
    "initial_rot": [
      [
        0.012307088403209744,
        0.9946537321110706,
        0.10253042852026972
      ],
      [
        0.9998832202400368,
        -0.011312661783555465,
        -0.010274705143245931
      ],
      [
        -0.009059881756697578,
        0.10264490674595328,
        -0.9946768026156361
      ]
    ],
    "keypoint_offset": [
      0.024270252643587176,
      0.03092552224206288,
      0.006070037268435247
    ]
  },
  "417": {
    "geom_id": 121,
    "geom_name": "red_cube_g0_vis",
    "body_id": 23,
    "body_name": "red_cube_main",
    "initial_keypoint": [
      -0.11189076957466615,
      0.027037166282921684,
      0.8543193253514139
    ],
    "initial_pos": [
      -0.12721221846081512,
      0.018927542173716144,
      0.8317419349667146
    ],
    "initial_rot": [
      [
        0.8428466576602843,
        -0.5381537992719996,
        0.0
      ],
      [
        0.5381537992719996,
        0.8428466576602843,
        0.0
      ],
      [
        0.0,
        0.0,
        1.0
      ]
    ],
    "keypoint_offset": [
      0.015321448886148975,
      0.00810962410920554,
      0.022577390384699303
    ]
  },
  "418": {
    "geom_id": 121,
    "geom_name": "red_cube_g0_vis",
    "body_id": 23,
    "body_name": "red_cube_main",
    "initial_keypoint": [
      -0.10941407315755514,
      0.02779499056936179,
      0.8207452560645873
    ],
    "initial_pos": [
      -0.12721221846081512,
      0.018927542173716144,
      0.8317419349667146
    ],
    "initial_rot": [
      [
        0.8428466576602843,
        -0.5381537992719996,
        0.0
      ],
      [
        0.5381537992719996,
        0.8428466576602843,
        0.0
      ],
      [
        0.0,
        0.0,
        1.0
      ]
    ],
    "keypoint_offset": [
      0.017798145303259988,
      0.008867448395645645,
      -0.0109966789021273
    ]
  },
  "432": {
    "geom_id": 75,
    "geom_name": "gripper0_right_wiping_surface_vis",
    "body_id": 14,
    "body_name": "gripper0_right_wiping_gripper",
    "initial_keypoint": [
      -0.13794105588616956,
      0.04401597153224063,
      1.0867684815704792
    ],
    "initial_pos": [
      -0.13078963767842566,
      -0.009479078682181768,
      1.072229433950112
    ],
    "initial_rot": [
      [
        0.012307088403209744,
        0.9946537321110706,
        0.10253042852026972
      ],
      [
        0.9998832202400368,
        -0.011312661783555465,
        -0.010274705143245931
      ],
      [
        -0.009059881756697578,
        0.10264490674595328,
        -0.9946768026156361
      ]
    ],
    "keypoint_offset": [
      -0.007151418207743898,
      0.0534950502144224,
      0.014539047620367285
    ]
  },
  "433": {
    "geom_id": 75,
    "geom_name": "gripper0_right_wiping_surface_vis",
    "body_id": 14,
    "body_name": "gripper0_right_wiping_gripper",
    "initial_keypoint": [
      -0.10628658602644725,
      0.04287642363675591,
      1.0784037574379828
    ],
    "initial_pos": [
      -0.13078963767842566,
      -0.009479078682181768,
      1.072229433950112
    ],
    "initial_rot": [
      [
        0.012307088403209744,
        0.9946537321110706,
        0.10253042852026972
      ],
      [
        0.9998832202400368,
        -0.011312661783555465,
        -0.010274705143245931
      ],
      [
        -0.009059881756697578,
        0.10264490674595328,
        -0.9946768026156361
      ]
    ],
    "keypoint_offset": [
      0.024503051651978414,
      0.05235550231893768,
      0.006174323487870836
    ]
  },
  "490": {
    "geom_id": 123,
    "geom_name": "green_cube_g0_vis",
    "body_id": 24,
    "body_name": "green_cube_main",
    "initial_keypoint": [
      -0.07416036769688561,
      0.10474836541105165,
      0.8513618625365833
    ],
    "initial_pos": [
      -0.08280354990151462,
      0.1191613770219773,
      0.8302749138342849
    ],
    "initial_rot": [
      [
        0.09592394685760819,
        0.9953886660090412,
        0.0
      ],
      [
        -0.9953886660090412,
        0.09592394685760819,
        0.0
      ],
      [
        0.0,
        0.0,
        0.9999999999999999
      ]
    ],
    "keypoint_offset": [
      0.008643182204629007,
      -0.014413011610925647,
      0.021086948702298436
    ]
  },
  "491": {
    "geom_id": 123,
    "geom_name": "green_cube_g0_vis",
    "body_id": 24,
    "body_name": "green_cube_main",
    "initial_keypoint": [
      -0.06192883429397844,
      0.10592851033811353,
      0.8269929157226358
    ],
    "initial_pos": [
      -0.08280354990151462,
      0.1191613770219773,
      0.8302749138342849
    ],
    "initial_rot": [
      [
        0.09592394685760819,
        0.9953886660090412,
        0.0
      ],
      [
        -0.9953886660090412,
        0.09592394685760819,
        0.0
      ],
      [
        0.0,
        0.0,
        0.9999999999999999
      ]
    ],
    "keypoint_offset": [
      0.020874715607536176,
      -0.013232866683863767,
      -0.003281998111649087
    ]
  },
  "514": {
    "geom_id": 123,
    "geom_name": "green_cube_g0_vis",
    "body_id": 24,
    "body_name": "green_cube_main",
    "initial_keypoint": [
      -0.07416280361609717,
      0.1309360122674901,
      0.8513597470262015
    ],
    "initial_pos": [
      -0.08280354990151462,
      0.1191613770219773,
      0.8302749138342849
    ],
    "initial_rot": [
      [
        0.09592394685760819,
        0.9953886660090412,
        0.0
      ],
      [
        -0.9953886660090412,
        0.09592394685760819,
        0.0
      ],
      [
        0.0,
        0.0,
        0.9999999999999999
      ]
    ],
    "keypoint_offset": [
      0.008640746285417444,
      0.01177463524551281,
      0.021084833191916674
    ]
  },
  "515": {
    "geom_id": 123,
    "geom_name": "green_cube_g0_vis",
    "body_id": 24,
    "body_name": "green_cube_main",
    "initial_keypoint": [
      -0.06454452976502656,
      0.1330269898248681,
      0.8245583952314615
    ],
    "initial_pos": [
      -0.08280354990151462,
      0.1191613770219773,
      0.8302749138342849
    ],
    "initial_rot": [
      [
        0.09592394685760819,
        0.9953886660090412,
        0.0
      ],
      [
        -0.9953886660090412,
        0.09592394685760819,
        0.0
      ],
      [
        0.0,
        0.0,
        0.9999999999999999
      ]
    ],
    "keypoint_offset": [
      0.018259020136488058,
      0.013865612802890809,
      -0.005716518602823406
    ]
  }
}