{
  "253": {
    "geom_id": 119,
    "geom_name": "dark_cube_g0_vis",
    "body_id": 22,
    "body_name": "dark_cube_main",
    "initial_keypoint": [
      0.03513827611414361,
      -0.1408182806933664,
      0.8532502578957952
    ],
    "initial_pos": [
      0.033014494206770356,
      -0.12329922018895004,
      0.8312619132699076
    ],
    "initial_rot": [
      [
        -0.6599227903308074,
        0.7513334218587652,
        0.0
      ],
      [
        -0.7513334218587652,
        -0.6599227903308074,
        0.0
      ],
      [
        0.0,
        0.0,
        1.0
      ]
    ],
    "keypoint_offset": [
      0.002123781907373251,
      -0.017519060504416373,
      0.021988344625887613
    ]
  },
  "254": {
    "geom_id": 119,
    "geom_name": "dark_cube_g0_vis",
    "body_id": 22,
    "body_name": "dark_cube_main",
    "initial_keypoint": [
      0.0423680495985882,
      -0.1437532411572614,
      0.825932482684409
    ],
    "initial_pos": [
      0.033014494206770356,
      -0.12329922018895004,
      0.8312619132699076
    ],
    "initial_rot": [
      [
        -0.6599227903308074,
        0.7513334218587652,
        0.0
      ],
      [
        -0.7513334218587652,
        -0.6599227903308074,
        0.0
      ],
      [
        0.0,
        0.0,
        1.0
      ]
    ],
    "keypoint_offset": [
      0.009353555391817842,
      -0.020454020968311365,
      -0.005329430585498618
    ]
  },
  "277": {
    "geom_id": 119,
    "geom_name": "dark_cube_g0_vis",
    "body_id": 22,
    "body_name": "dark_cube_main",
    "initial_keypoint": [
      0.03513827611414361,
      -0.11734856724447201,
      0.8532502578957952
    ],
    "initial_pos": [
      0.033014494206770356,
      -0.12329922018895004,
      0.8312619132699076
    ],
    "initial_rot": [
      [
        -0.6599227903308074,
        0.7513334218587652,
        0.0
      ],
      [
        -0.7513334218587652,
        -0.6599227903308074,
        0.0
      ],
      [
        0.0,
        0.0,
        1.0
      ]
    ],
    "keypoint_offset": [
      0.002123781907373251,
      0.005950652944478024,
      0.021988344625887613
    ]
  },
  "278": {
    "geom_id": 119,
    "geom_name": "dark_cube_g0_vis",
    "body_id": 22,
    "body_name": "dark_cube_main",
    "initial_keypoint": [
      0.056478672630668914,
      -0.11610062823736254,
      0.8420915799102742
    ],
    "initial_pos": [
      0.033014494206770356,
      -0.12329922018895004,
      0.8312619132699076
    ],
    "initial_rot": [
      [
        -0.6599227903308074,
        0.7513334218587652,
        0.0
      ],
      [
        -0.7513334218587652,
        -0.6599227903308074,
        0.0
      ],
      [
        0.0,
        0.0,
        1.0
      ]
    ],
    "keypoint_offset": [
      0.023464178423898557,
      0.0071985919515874935,
      0.010829666640366553
    ]
  },
  "301": {
    "geom_id": 119,
    "geom_name": "dark_cube_g0_vis",
    "body_id": 22,
    "body_name": "dark_cube_main",
    "initial_keypoint": [
      0.03190011341587723,
      -0.09453280095211201,
      0.8497899676576378
    ],
    "initial_pos": [
      0.033014494206770356,
      -0.12329922018895004,
      0.8312619132699076
    ],
    "initial_rot": [
      [
        -0.6599227903308074,
        0.7513334218587652,
        0.0
      ],
      [
        -0.7513334218587652,
        -0.6599227903308074,
        0.0
      ],
      [
        0.0,
        0.0,
        1.0
      ]
    ],
    "keypoint_offset": [
      -0.001114380790893127,
      0.028766419236838023,
      0.018528054387730197
    ]
  },
  "302": {
    "geom_id": 119,
    "geom_name": "dark_cube_g0_vis",
    "body_id": 22,
    "body_name": "dark_cube_main",
    "initial_keypoint": [
      0.03508199845843285,
      -0.09736131045240462,
      0.8175886974030134
    ],
    "initial_pos": [
      0.033014494206770356,
      -0.12329922018895004,
      0.8312619132699076
    ],
    "initial_rot": [
      [
        -0.6599227903308074,
        0.7513334218587652,
        0.0
      ],
      [
        -0.7513334218587652,
        -0.6599227903308074,
        0.0
      ],
      [
        0.0,
        0.0,
        1.0
      ]
    ],
    "keypoint_offset": [
      0.002067504251662494,
      0.025937909736545417,
      -0.013673215866894184
    ]
  },
  "336": {
    "geom_id": 75,
    "geom_name": "gripper0_right_wiping_surface_vis",
    "body_id": 14,
    "body_name": "gripper0_right_wiping_gripper",
    "initial_keypoint": [
      -0.08794981896005205,
      -0.04056672988036911,
      1.1073962011423952
    ],
    "initial_pos": [
      -0.10996348001791507,
      0.003250520083003116,
      1.0969665795409775
    ],
    "initial_rot": [
      [
        0.022923364068345407,
        0.9867067434082212,
        0.16088605251086835
      ],
      [
        0.9996251991485116,
        -0.025031131509033334,
        0.01108619333554213
      ],
      [
        0.014965981661275524,
        0.1605716194354322,
        -0.986910722621248
      ]
    ],
    "keypoint_offset": [
      0.022013661057863024,
      -0.043817249963372225,
      0.010429621601417693
    ]
  },
  "337": {
    "geom_id": 75,
    "geom_name": "gripper0_right_wiping_surface_vis",
    "body_id": 14,
    "body_name": "gripper0_right_wiping_gripper",
    "initial_keypoint": [
      -0.08482823123998795,
      -0.041358894581062934,
      1.0880163872831543
    ],
    "initial_pos": [
      -0.10996348001791507,
      0.003250520083003116,
      1.0969665795409775
    ],
    "initial_rot": [
      [
        0.022923364068345407,
        0.9867067434082212,
        0.16088605251086835
      ],
      [
        0.9996251991485116,
        -0.025031131509033334,
        0.01108619333554213
      ],
      [
        0.014965981661275524,
        0.1605716194354322,
        -0.986910722621248
      ]
    ],
    "keypoint_offset": [
      0.025135248777927124,
      -0.04460941466406605,
      -0.00895019225782323
    ]
  },
  "360": {
    "geom_id": 75,
    "geom_name": "gripper0_right_wiping_surface_vis",
    "body_id": 14,
    "body_name": "gripper0_right_wiping_gripper",
    "initial_keypoint": [
      -0.08746883809313377,
      -0.020266771839653953,
      1.1075946666946062
    ],
    "initial_pos": [
      -0.10996348001791507,
      0.003250520083003116,
      1.0969665795409775
    ],
    "initial_rot": [
      [
        0.022923364068345407,
        0.9867067434082212,
        0.16088605251086835
      ],
      [
        0.9996251991485116,
        -0.025031131509033334,
        0.01108619333554213
      ],
      [
        0.014965981661275524,
        0.1605716194354322,
        -0.986910722621248
      ]
    ],
    "keypoint_offset": [
      0.022494641924781303,
      -0.023517291922657068,
      0.010628087153628618
    ]
  },
  "361": {
    "geom_id": 75,
    "geom_name": "gripper0_right_wiping_surface_vis",
    "body_id": 14,
    "body_name": "gripper0_right_wiping_gripper",
    "initial_keypoint": [
      -0.08433854454800593,
      -0.02066213203522266,
      1.0882357506480056
    ],
    "initial_pos": [
      -0.10996348001791507,
      0.003250520083003116,
      1.0969665795409775
    ],
    "initial_rot": [
      [
        0.022923364068345407,
        0.9867067434082212,
        0.16088605251086835
      ],
      [
        0.9996251991485116,
        -0.025031131509033334,
        0.01108619333554213
      ],
      [
        0.014965981661275524,
        0.1605716194354322,
        -0.986910722621248
      ]
    ],
    "keypoint_offset": [
      0.02562493546990914,
      -0.023912652118225776,
      -0.008730828892971942
    ]
  },
  "384": {
    "geom_id": 75,
    "geom_name": "gripper0_right_wiping_surface_vis",
    "body_id": 14,
    "body_name": "gripper0_right_wiping_gripper",
    "initial_keypoint": [
      -0.08698481568570537,
      0.0,
      1.1077943872676679
    ],
    "initial_pos": [
      -0.10996348001791507,
      0.003250520083003116,
      1.0969665795409775
    ],
    "initial_rot": [
      [
        0.022923364068345407,
        0.9867067434082212,
        0.16088605251086835
      ],
      [
        0.9996251991485116,
        -0.025031131509033334,
        0.01108619333554213
      ],
      [
        0.014965981661275524,
        0.1605716194354322,
        -0.986910722621248
      ]
    ],
    "keypoint_offset": [
      0.0229786643322097,
      -0.003250520083003116,
      0.010827807726690342
    ]
  },
  "385": {
    "geom_id": 75,
    "geom_name": "gripper0_right_wiping_surface_vis",
    "body_id": 14,
    "body_name": "gripper0_right_wiping_gripper",
    "initial_keypoint": [
      -0.08384769415190785,
      0.0,
      1.0884556353136288
    ],
    "initial_pos": [
      -0.10996348001791507,
      0.003250520083003116,
      1.0969665795409775
    ],
    "initial_rot": [
      [
        0.022923364068345407,
        0.9867067434082212,
        0.16088605251086835
      ],
      [
        0.9996251991485116,
        -0.025031131509033334,
        0.01108619333554213
      ],
      [
        0.014965981661275524,
        0.1605716194354322,
        -0.986910722621248
      ]
    ],
    "keypoint_offset": [
      0.026115785866007227,
      -0.003250520083003116,
      -0.008510944227348771
    ]
  },
  "392": {
    "geom_id": 117,
    "geom_name": "green_cube_g0_vis",
    "body_id": 21,
    "body_name": "green_cube_main",
    "initial_keypoint": [
      -0.1601573917685568,
      0.0,
      0.8514300409144845
    ],
    "initial_pos": [
      -0.14292774479023576,
      0.005547215465382782,
      0.8302769649047016
    ],
    "initial_rot": [
      [
        0.4629265386407598,
        -0.8863966492615397,
        0.0
      ],
      [
        0.8863966492615397,
        0.4629265386407598,
        0.0
      ],
      [
        0.0,
        0.0,
        1.0
      ]
    ],
    "keypoint_offset": [
      -0.01722964697832105,
      -0.005547215465382782,
      0.02115307600978289
    ]
  },
  "393": {
    "geom_id": 117,
    "geom_name": "green_cube_g0_vis",
    "body_id": 21,
    "body_name": "green_cube_main",
    "initial_keypoint": [
      -0.12376200804329218,
      0.0,
      0.8447026686119551
    ],
    "initial_pos": [
      -0.14292774479023576,
      0.005547215465382782,
      0.8302769649047016
    ],
    "initial_rot": [
      [
        0.4629265386407598,
        -0.8863966492615397,
        0.0
      ],
      [
        0.8863966492615397,
        0.4629265386407598,
        0.0
      ],
      [
        0.0,
        0.0,
        1.0
      ]
    ],
    "keypoint_offset": [
      0.01916573674694358,
      -0.005547215465382782,
      0.01442570370725349
    ]
  },
  "408": {
    "geom_id": 75,
    "geom_name": "gripper0_right_wiping_surface_vis",
    "body_id": 14,
    "body_name": "gripper0_right_wiping_gripper",
    "initial_keypoint": [
      -0.08650347699049177,
      0.020233468365594587,
      1.1079930004693908
    ],
    "initial_pos": [
      -0.10996348001791507,
      0.003250520083003116,
      1.0969665795409775
    ],
    "initial_rot": [
      [
        0.022923364068345407,
        0.9867067434082212,
        0.16088605251086835
      ],
      [
        0.9996251991485116,
        -0.025031131509033334,
        0.01108619333554213
      ],
      [
        0.014965981661275524,
        0.1605716194354322,
        -0.986910722621248
      ]
    ],
    "keypoint_offset": [
      0.023460003027423307,
      0.016982948282591472,
      0.011026420928413216
    ]
  },
  "409": {
    "geom_id": 75,
    "geom_name": "gripper0_right_wiping_surface_vis",
    "body_id": 14,
    "body_name": "gripper0_right_wiping_gripper",
    "initial_keypoint": [
      -0.08335963664568813,
      0.02062751798397321,
      1.0886742688573994
    ],
    "initial_pos": [
      -0.10996348001791507,
      0.003250520083003116,
      1.0969665795409775
    ],
    "initial_rot": [
      [
        0.022923364068345407,
        0.9867067434082212,
        0.16088605251086835
      ],
      [
        0.9996251991485116,
        -0.025031131509033334,
        0.01108619333554213
      ],
      [
        0.014965981661275524,
        0.1605716194354322,
        -0.986910722621248
      ]
    ],
    "keypoint_offset": [
      0.026603843372226946,
      0.017376997900970095,
      -0.008292310683578163
    ]
  },
  "417": {
    "geom_id": 117,
    "geom_name": "green_cube_g0_vis",
    "body_id": 21,
    "body_name": "green_cube_main",
    "initial_keypoint": [
      -0.14245692823497558,
      0.028387770598955753,
      0.8295582815515709
    ],
    "initial_pos": [
      -0.14292774479023576,
      0.005547215465382782,
      0.8302769649047016
    ],
    "initial_rot": [
      [
        0.4629265386407598,
        -0.8863966492615397,
        0.0
      ],
      [
        0.8863966492615397,
        0.4629265386407598,
        0.0
      ],
      [
        0.0,
        0.0,
        1.0
      ]
    ],
    "keypoint_offset": [
      0.00047081655526018396,
      0.02284055513357297,
      -0.0007186833531307446
    ]
  },
  "432": {
    "geom_id": 75,
    "geom_name": "gripper0_right_wiping_surface_vis",
    "body_id": 14,
    "body_name": "gripper0_right_wiping_gripper",
    "initial_keypoint": [
      -0.08602297322796704,
      0.0404337834488643,
      1.108191269155586
    ],
    "initial_pos": [
      -0.10996348001791507,
      0.003250520083003116,
      1.0969665795409775
    ],
    "initial_rot": [
      [
        0.022923364068345407,
        0.9867067434082212,
        0.16088605251086835
      ],
      [
        0.9996251991485116,
        -0.025031131509033334,
        0.01108619333554213
      ],
      [
        0.014965981661275524,
        0.1605716194354322,
        -0.986910722621248
      ]
    ],
    "keypoint_offset": [
      0.023940506789948038,
      0.03718326336586118,
      0.01122468961460843
    ]
  },
  "433": {
    "geom_id": 75,
    "geom_name": "gripper0_right_wiping_surface_vis",
    "body_id": 14,
    "body_name": "gripper0_right_wiping_gripper",
    "initial_keypoint": [
      -0.08287239373234945,
      0.04122057828069453,
      1.0888925374906293
    ],
    "initial_pos": [
      -0.10996348001791507,
      0.003250520083003116,
      1.0969665795409775
    ],
    "initial_rot": [
      [
        0.022923364068345407,
        0.9867067434082212,
        0.16088605251086835
      ],
      [
        0.9996251991485116,
        -0.025031131509033334,
        0.01108619333554213
      ],
      [
        0.014965981661275524,
        0.1605716194354322,
        -0.986910722621248
      ]
    ],
    "keypoint_offset": [
      0.027091086285565627,
      0.03797005819769141,
      -0.008074042050348229
    ]
  },
  "456": {
    "geom_id": 75,
    "geom_name": "gripper0_right_wiping_surface_vis",
    "body_id": 14,
    "body_name": "gripper0_right_wiping_gripper",
    "initial_keypoint": [
      -0.08554324476008213,
      0.060601025489228945,
      1.1083892179345052
    ],
    "initial_pos": [
      -0.10996348001791507,
      0.003250520083003116,
      1.0969665795409775
    ],
    "initial_rot": [
      [
        0.022923364068345407,
        0.9867067434082212,
        0.16088605251086835
      ],
      [
        0.9996251991485116,
        -0.025031131509033334,
        0.01108619333554213
      ],
      [
        0.014965981661275524,
        0.1605716194354322,
        -0.986910722621248
      ]
    ],
    "keypoint_offset": [
      0.024420235257832948,
      0.05735050540622583,
      0.01142263839352764
    ]
  },
  "457": {
    "geom_id": 75,
    "geom_name": "gripper0_right_wiping_surface_vis",
    "body_id": 14,
    "body_name": "gripper0_right_wiping_gripper",
    "initial_keypoint": [
      -0.08238596541189191,
      0.06177926730184683,
      1.0891104412133192
    ],
    "initial_pos": [
      -0.10996348001791507,
      0.003250520083003116,
      1.0969665795409775
    ],
    "initial_rot": [
      [
        0.022923364068345407,
        0.9867067434082212,
        0.16088605251086835
      ],
      [
        0.9996251991485116,
        -0.025031131509033334,
        0.01108619333554213
      ],
      [
        0.014965981661275524,
        0.1605716194354322,
        -0.986910722621248
      ]
    ],
    "keypoint_offset": [
      0.02757751460602316,
      0.05852874721884371,
      -0.007856138327658302
    ]
  },
  "491": {
    "geom_id": 121,
    "geom_name": "red_cube_g0_vis",
    "body_id": 23,
    "body_name": "red_cube_main",
    "initial_keypoint": [
      -0.05892721296189263,
      0.1053626784090465,
      0.8297866310922543
    ],
    "initial_pos": [
      -0.0630206520546075,
      0.12718169538954502,
      0.8302446722111599
    ],
    "initial_rot": [
      [
        0.8229778173082267,
        -0.5680735095201913,
        0.0
      ],
      [
        0.5680735095201913,
        0.8229778173082267,
        0.0
      ],
      [
        0.0,
        0.0,
        1.0
      ]
    ],
    "keypoint_offset": [
      0.004093439092714868,
      -0.021819016980498512,
      -0.0004580411189056832
    ]
  },
  "514": {
    "geom_id": 121,
    "geom_name": "red_cube_g0_vis",
    "body_id": 23,
    "body_name": "red_cube_main",
    "initial_keypoint": [
      -0.0742313702309415,
      0.13095164866724615,
      0.8513001993265661
    ],
    "initial_pos": [
      -0.0630206520546075,
      0.12718169538954502,
      0.8302446722111599
    ],
    "initial_rot": [
      [
        0.8229778173082267,
        -0.5680735095201913,
        0.0
      ],
      [
        0.5680735095201913,
        0.8229778173082267,
        0.0
      ],
      [
        0.0,
        0.0,
        1.0
      ]
    ],
    "keypoint_offset": [
      -0.011210718176334011,
      0.0037699532777011324,
      0.021055527115406147
    ]
  },
  "515": {
    "geom_id": 121,
    "geom_name": "red_cube_g0_vis",
    "body_id": 23,
    "body_name": "red_cube_main",
    "initial_keypoint": [
      -0.03859223799985556,
      0.12691169675132732,
      0.848713113085496
    ],
    "initial_pos": [
      -0.0630206520546075,
      0.12718169538954502,
      0.8302446722111599
    ],
    "initial_rot": [
      [
        0.8229778173082267,
        -0.5680735095201913,
        0.0
      ],
      [
        0.5680735095201913,
        0.8229778173082267,
        0.0
      ],
      [
        0.0,
        0.0,
        1.0
      ]
    ],
    "keypoint_offset": [
      0.024428414054751935,
      -0.00026999863821769443,
      0.01846844087433608
    ]
  }
}