{
  "231": {
    "geom_id": 123,
    "geom_name": "blue_cube_g0_vis",
    "body_id": 24,
    "body_name": "blue_cube_main",
    "initial_keypoint": [
      0.09550267220197783,
      -0.1539301857662246,
      0.8534279564278457
    ],
    "initial_pos": [
      0.0945440406725093,
      -0.13889775399154045,
      0.8313737600767818
    ],
    "initial_rot": [
      [
        -0.9828545026554544,
        0.18438282623362653,
        0.0
      ],
      [
        -0.18438282623362653,
        -0.9828545026554544,
        0.0
      ],
      [
        0.0,
        0.0,
        1.0000000000000002
      ]
    ],
    "keypoint_offset": [
      0.0009586315294685399,
      -0.015032431774684163,
      0.02205419635106398
    ]
  },
  "232": {
    "geom_id": 123,
    "geom_name": "blue_cube_g0_vis",
    "body_id": 24,
    "body_name": "blue_cube_main",
    "initial_keypoint": [
      0.11757990418731407,
      -0.15133848336797434,
      0.8464804756209682
    ],
    "initial_pos": [
      0.0945440406725093,
      -0.13889775399154045,
      0.8313737600767818
    ],
    "initial_rot": [
      [
        -0.9828545026554544,
        0.18438282623362653,
        0.0
      ],
      [
        -0.18438282623362653,
        -0.9828545026554544,
        0.0
      ],
      [
        0.0,
        0.0,
        1.0000000000000002
      ]
    ],
    "keypoint_offset": [
      0.023035863514804772,
      -0.012440729376433896,
      0.015106715544186411
    ]
  },
  "255": {
    "geom_id": 123,
    "geom_name": "blue_cube_g0_vis",
    "body_id": 24,
    "body_name": "blue_cube_main",
    "initial_keypoint": [
      0.09550267220197783,
      -0.13194015922819252,
      0.8534279564278457
    ],
    "initial_pos": [
      0.0945440406725093,
      -0.13889775399154045,
      0.8313737600767818
    ],
    "initial_rot": [
      [
        -0.9828545026554544,
        0.18438282623362653,
        0.0
      ],
      [
        -0.18438282623362653,
        -0.9828545026554544,
        0.0
      ],
      [
        0.0,
        0.0,
        1.0000000000000002
      ]
    ],
    "keypoint_offset": [
      0.0009586315294685399,
      0.006957594763347924,
      0.02205419635106398
    ]
  },
  "256": {
    "geom_id": 123,
    "geom_name": "blue_cube_g0_vis",
    "body_id": 24,
    "body_name": "blue_cube_main",
    "initial_keypoint": [
      0.11375824925230127,
      -0.13101502340694163,
      0.8414486326391575
    ],
    "initial_pos": [
      0.0945440406725093,
      -0.13889775399154045,
      0.8313737600767818
    ],
    "initial_rot": [
      [
        -0.9828545026554544,
        0.18438282623362653,
        0.0
      ],
      [
        -0.18438282623362653,
        -0.9828545026554544,
        0.0
      ],
      [
        0.0,
        0.0,
        1.0000000000000002
      ]
    ],
    "keypoint_offset": [
      0.019214208579791975,
      0.007882730584598818,
      0.010074872562375714
    ]
  },
  "345": {
    "geom_id": 117,
    "geom_name": "green_cube_g0_vis",
    "body_id": 21,
    "body_name": "green_cube_main",
    "initial_keypoint": [
      -0.1341998212286044,
      -0.05604583979940106,
      0.8362472014946003
    ],
    "initial_pos": [
      -0.14152708651344278,
      -0.028555949171302872,
      0.831989062256194
    ],
    "initial_rot": [
      [
        -0.5112608061667088,
        0.859425615209232,
        0.0
      ],
      [
        -0.859425615209232,
        -0.5112608061667088,
        0.0
      ],
      [
        0.0,
        0.0,
        1.0
      ]
    ],
    "keypoint_offset": [
      0.007327265284838375,
      -0.027489890628098188,
      0.004258139238406344
    ]
  },
  "360": {
    "geom_id": 75,
    "geom_name": "gripper0_right_wiping_surface_vis",
    "body_id": 14,
    "body_name": "gripper0_right_wiping_gripper",
    "initial_keypoint": [
      -0.09775508954562595,
      -0.020621631702433467,
      1.1033502846097658
    ],
    "initial_pos": [
      -0.12204814329005255,
      0.01852974748135719,
      1.0853679641785599
    ],
    "initial_rot": [
      [
        -0.044469903472403705,
        0.9925060485289953,
        0.11381639301309696
      ],
      [
        0.9990097518765816,
        0.044339290417737376,
        0.0036800789039705337
      ],
      [
        -0.0013940375328523394,
        0.11386733929713205,
        -0.9934949852418712
      ]
    ],
    "keypoint_offset": [
      0.0242930537444266,
      -0.039151379183790656,
      0.017982320431205956
    ]
  },
  "361": {
    "geom_id": 75,
    "geom_name": "gripper0_right_wiping_surface_vis",
    "body_id": 14,
    "body_name": "gripper0_right_wiping_gripper",
    "initial_keypoint": [
      -0.09544365655588583,
      -0.02105480729635957,
      1.0832610295110299
    ],
    "initial_pos": [
      -0.12204814329005255,
      0.01852974748135719,
      1.0853679641785599
    ],
    "initial_rot": [
      [
        -0.044469903472403705,
        0.9925060485289953,
        0.11381639301309696
      ],
      [
        0.9990097518765816,
        0.044339290417737376,
        0.0036800789039705337
      ],
      [
        -0.0013940375328523394,
        0.11386733929713205,
        -0.9934949852418712
      ]
    ],
    "keypoint_offset": [
      0.026604486734166724,
      -0.03958455477771676,
      -0.0021069346675299805
    ]
  },
  "368": {
    "geom_id": 117,
    "geom_name": "green_cube_g0_vis",
    "body_id": 21,
    "body_name": "green_cube_main",
    "initial_keypoint": [
      -0.1556297408637708,
      -0.028093261066971537,
      0.8548494538522162
    ],
    "initial_pos": [
      -0.14152708651344278,
      -0.028555949171302872,
      0.831989062256194
    ],
    "initial_rot": [
      [
        -0.5112608061667088,
        0.859425615209232,
        0.0
      ],
      [
        -0.859425615209232,
        -0.5112608061667088,
        0.0
      ],
      [
        0.0,
        0.0,
        1.0
      ]
    ],
    "keypoint_offset": [
      -0.014102654350328009,
      0.00046268810433133453,
      0.022860391596022267
    ]
  },
  "369": {
    "geom_id": 117,
    "geom_name": "green_cube_g0_vis",
    "body_id": 21,
    "body_name": "green_cube_main",
    "initial_keypoint": [
      -0.11706618683113212,
      -0.02726584862935394,
      0.8501268216484144
    ],
    "initial_pos": [
      -0.14152708651344278,
      -0.028555949171302872,
      0.831989062256194
    ],
    "initial_rot": [
      [
        -0.5112608061667088,
        0.859425615209232,
        0.0
      ],
      [
        -0.859425615209232,
        -0.5112608061667088,
        0.0
      ],
      [
        0.0,
        0.0,
        1.0
      ]
    ],
    "keypoint_offset": [
      0.02446089968231066,
      0.0012901005419489325,
      0.0181377593922204
    ]
  },
  "370": {
    "geom_id": 117,
    "geom_name": "green_cube_g0_vis",
    "body_id": 21,
    "body_name": "green_cube_main",
    "initial_keypoint": [
      -0.11761987300827959,
      -0.02816925191236493,
      0.8136188067584885
    ],
    "initial_pos": [
      -0.14152708651344278,
      -0.028555949171302872,
      0.831989062256194
    ],
    "initial_rot": [
      [
        -0.5112608061667088,
        0.859425615209232,
        0.0
      ],
      [
        -0.859425615209232,
        -0.5112608061667088,
        0.0
      ],
      [
        0.0,
        0.0,
        1.0
      ]
    ],
    "keypoint_offset": [
      0.0239072135051632,
      0.00038669725893794235,
      -0.018370255497705434
    ]
  },
  "384": {
    "geom_id": 75,
    "geom_name": "gripper0_right_wiping_surface_vis",
    "body_id": 14,
    "body_name": "gripper0_right_wiping_gripper",
    "initial_keypoint": [
      -0.09863510859984137,
      0.0,
      1.1029871652435632
    ],
    "initial_pos": [
      -0.12204814329005255,
      0.01852974748135719,
      1.0853679641785599
    ],
    "initial_rot": [
      [
        -0.044469903472403705,
        0.9925060485289953,
        0.11381639301309696
      ],
      [
        0.9990097518765816,
        0.044339290417737376,
        0.0036800789039705337
      ],
      [
        -0.0013940375328523394,
        0.11386733929713205,
        -0.9934949852418712
      ]
    ],
    "keypoint_offset": [
      0.02341303469021118,
      -0.01852974748135719,
      0.017619201065003365
    ]
  },
  "385": {
    "geom_id": 75,
    "geom_name": "gripper0_right_wiping_surface_vis",
    "body_id": 14,
    "body_name": "gripper0_right_wiping_gripper",
    "initial_keypoint": [
      -0.0963366830944481,
      0.0,
      1.0828609832986087
    ],
    "initial_pos": [
      -0.12204814329005255,
      0.01852974748135719,
      1.0853679641785599
    ],
    "initial_rot": [
      [
        -0.044469903472403705,
        0.9925060485289953,
        0.11381639301309696
      ],
      [
        0.9990097518765816,
        0.044339290417737376,
        0.0036800789039705337
      ],
      [
        -0.0013940375328523394,
        0.11386733929713205,
        -0.9934949852418712
      ]
    ],
    "keypoint_offset": [
      0.025711460195604455,
      -0.01852974748135719,
      -0.0025069808799511595
    ]
  },
  "409": {
    "geom_id": 75,
    "geom_name": "gripper0_right_wiping_surface_vis",
    "body_id": 14,
    "body_name": "gripper0_right_wiping_gripper",
    "initial_keypoint": [
      -0.09723645911688295,
      0.021118200552844236,
      1.08245791354171
    ],
    "initial_pos": [
      -0.12204814329005255,
      0.01852974748135719,
      1.0853679641785599
    ],
    "initial_rot": [
      [
        -0.044469903472403705,
        0.9925060485289953,
        0.11381639301309696
      ],
      [
        0.9990097518765816,
        0.044339290417737376,
        0.0036800789039705337
      ],
      [
        -0.0013940375328523394,
        0.11386733929713205,
        -0.9934949852418712
      ]
    ],
    "keypoint_offset": [
      0.024811684173169604,
      0.0025884530714870464,
      -0.0029100506368497925
    ]
  },
  "432": {
    "geom_id": 75,
    "geom_name": "gripper0_right_wiping_surface_vis",
    "body_id": 14,
    "body_name": "gripper0_right_wiping_gripper",
    "initial_keypoint": [
      -0.10040498698639277,
      0.041426098181277626,
      1.1022568661495813
    ],
    "initial_pos": [
      -0.12204814329005255,
      0.01852974748135719,
      1.0853679641785599
    ],
    "initial_rot": [
      [
        -0.044469903472403705,
        0.9925060485289953,
        0.11381639301309696
      ],
      [
        0.9990097518765816,
        0.044339290417737376,
        0.0036800789039705337
      ],
      [
        -0.0013940375328523394,
        0.11386733929713205,
        -0.9934949852418712
      ]
    ],
    "keypoint_offset": [
      0.021643156303659775,
      0.022896350699920437,
      0.01688890197102144
    ]
  },
  "433": {
    "geom_id": 75,
    "geom_name": "gripper0_right_wiping_surface_vis",
    "body_id": 14,
    "body_name": "gripper0_right_wiping_gripper",
    "initial_keypoint": [
      -0.09813896984399006,
      0.04230022642058745,
      1.082053618727997
    ],
    "initial_pos": [
      -0.12204814329005255,
      0.01852974748135719,
      1.0853679641785599
    ],
    "initial_rot": [
      [
        -0.044469903472403705,
        0.9925060485289953,
        0.11381639301309696
      ],
      [
        0.9990097518765816,
        0.044339290417737376,
        0.0036800789039705337
      ],
      [
        -0.0013940375328523394,
        0.11386733929713205,
        -0.9934949852418712
      ]
    ],
    "keypoint_offset": [
      0.023909173446062484,
      0.02377047893923026,
      -0.003314345450562861
    ]
  },
  "456": {
    "geom_id": 75,
    "geom_name": "gripper0_right_wiping_surface_vis",
    "body_id": 14,
    "body_name": "gripper0_right_wiping_gripper",
    "initial_keypoint": [
      -0.10129281862505546,
      0.06223103375211447,
      1.1018905231023692
    ],
    "initial_pos": [
      -0.12204814329005255,
      0.01852974748135719,
      1.0853679641785599
    ],
    "initial_rot": [
      [
        -0.044469903472403705,
        0.9925060485289953,
        0.11381639301309696
      ],
      [
        0.9990097518765816,
        0.044339290417737376,
        0.0036800789039705337
      ],
      [
        -0.0013940375328523394,
        0.11386733929713205,
        -0.9934949852418712
      ]
    ],
    "keypoint_offset": [
      0.02075532466499709,
      0.043701286270757284,
      0.016522558923809383
    ]
  },
  "457": {
    "geom_id": 75,
    "geom_name": "gripper0_right_wiping_surface_vis",
    "body_id": 14,
    "body_name": "gripper0_right_wiping_gripper",
    "initial_keypoint": [
      -0.09904217879356692,
      0.06354615167038638,
      1.0816490111338208
    ],
    "initial_pos": [
      -0.12204814329005255,
      0.01852974748135719,
      1.0853679641785599
    ],
    "initial_rot": [
      [
        -0.044469903472403705,
        0.9925060485289953,
        0.11381639301309696
      ],
      [
        0.9990097518765816,
        0.044339290417737376,
        0.0036800789039705337
      ],
      [
        -0.0013940375328523394,
        0.11386733929713205,
        -0.9934949852418712
      ]
    ],
    "keypoint_offset": [
      0.023005964496485634,
      0.04501640418902919,
      -0.003718953044739015
    ]
  },
  "473": {
    "geom_id": 119,
    "geom_name": "red_cube_g0_vis",
    "body_id": 22,
    "body_name": "red_cube_main",
    "initial_keypoint": [
      0.1466955811165429,
      0.06241287479417225,
      0.8507423023431422
    ],
    "initial_pos": [
      0.14320407012055628,
      0.07285266915434524,
      0.8300489216700571
    ],
    "initial_rot": [
      [
        0.8386599250173683,
        -0.5446554233365002,
        0.0
      ],
      [
        0.5446554233365002,
        0.8386599250173683,
        0.0
      ],
      [
        0.0,
        0.0,
        1.0
      ]
    ],
    "keypoint_offset": [
      0.0034915109959866297,
      -0.010439794360172991,
      0.020693380673085127
    ]
  },
  "474": {
    "geom_id": 119,
    "geom_name": "red_cube_g0_vis",
    "body_id": 22,
    "body_name": "red_cube_main",
    "initial_keypoint": [
      0.16341167207852525,
      0.06203959484099591,
      0.8390855944679659
    ],
    "initial_pos": [
      0.14320407012055628,
      0.07285266915434524,
      0.8300489216700571
    ],
    "initial_rot": [
      [
        0.8386599250173683,
        -0.5446554233365002,
        0.0
      ],
      [
        0.5446554233365002,
        0.8386599250173683,
        0.0
      ],
      [
        0.0,
        0.0,
        1.0
      ]
    ],
    "keypoint_offset": [
      0.020207601957968974,
      -0.010813074313349332,
      0.009036672797908873
    ]
  },
  "491": {
    "geom_id": 121,
    "geom_name": "dark_cube_g0_vis",
    "body_id": 23,
    "body_name": "dark_cube_main",
    "initial_keypoint": [
      -0.035229182255605784,
      0.10089539191747886,
      0.851843228273965
    ],
    "initial_pos": [
      -0.018970485797775938,
      0.11038026938024983,
      0.8305312448034196
    ],
    "initial_rot": [
      [
        -0.5923005558229647,
        -0.8057171039340091,
        0.0
      ],
      [
        0.8057171039340091,
        -0.5923005558229647,
        0.0
      ],
      [
        0.0,
        0.0,
        0.9999999999999999
      ]
    ],
    "keypoint_offset": [
      -0.016258696457829847,
      -0.009484877462770977,
      0.021311983470545415
    ]
  },
  "492": {
    "geom_id": 121,
    "geom_name": "dark_cube_g0_vis",
    "body_id": 23,
    "body_name": "dark_cube_main",
    "initial_keypoint": [
      -0.0015029059124670452,
      0.09779209326568385,
      0.8498545523806907
    ],
    "initial_pos": [
      -0.018970485797775938,
      0.11038026938024983,
      0.8305312448034196
    ],
    "initial_rot": [
      [
        -0.5923005558229647,
        -0.8057171039340091,
        0.0
      ],
      [
        0.8057171039340091,
        -0.5923005558229647,
        0.0
      ],
      [
        0.0,
        0.0,
        0.9999999999999999
      ]
    ],
    "keypoint_offset": [
      0.017467579885308893,
      -0.012588176114565988,
      0.019323307577271187
    ]
  },
  "493": {
    "geom_id": 121,
    "geom_name": "dark_cube_g0_vis",
    "body_id": 23,
    "body_name": "dark_cube_main",
    "initial_keypoint": [
      0.002215107965926,
      0.10052768963268918,
      0.8180686663675234
    ],
    "initial_pos": [
      -0.018970485797775938,
      0.11038026938024983,
      0.8305312448034196
    ],
    "initial_rot": [
      [
        -0.5923005558229647,
        -0.8057171039340091,
        0.0
      ],
      [
        0.8057171039340091,
        -0.5923005558229647,
        0.0
      ],
      [
        0.0,
        0.0,
        0.9999999999999999
      ]
    ],
    "keypoint_offset": [
      0.021185593763701938,
      -0.009852579747560652,
      -0.012462578435896154
    ]
  },
  "497": {
    "geom_id": 119,
    "geom_name": "red_cube_g0_vis",
    "body_id": 22,
    "body_name": "red_cube_main",
    "initial_keypoint": [
      0.1466955811165429,
      0.08321716639222967,
      0.8507423023431422
    ],
    "initial_pos": [
      0.14320407012055628,
      0.07285266915434524,
      0.8300489216700571
    ],
    "initial_rot": [
      [
        0.8386599250173683,
        -0.5446554233365002,
        0.0
      ],
      [
        0.5446554233365002,
        0.8386599250173683,
        0.0
      ],
      [
        0.0,
        0.0,
        1.0
      ]
    ],
    "keypoint_offset": [
      0.0034915109959866297,
      0.010364497237884435,
      0.020693380673085127
    ]
  },
  "498": {
    "geom_id": 119,
    "geom_name": "red_cube_g0_vis",
    "body_id": 22,
    "body_name": "red_cube_main",
    "initial_keypoint": [
      0.16085595433714583,
      0.0833475492771429,
      0.8352062174895428
    ],
    "initial_pos": [
      0.14320407012055628,
      0.07285266915434524,
      0.8300489216700571
    ],
    "initial_rot": [
      [
        0.8386599250173683,
        -0.5446554233365002,
        0.0
      ],
      [
        0.5446554233365002,
        0.8386599250173683,
        0.0
      ],
      [
        0.0,
        0.0,
        1.0
      ]
    ],
    "keypoint_offset": [
      0.01765188421658956,
      0.010494880122797659,
      0.005157295819485763
    ]
  },
  "516": {
    "geom_id": 121,
    "geom_name": "dark_cube_g0_vis",
    "body_id": 23,
    "body_name": "dark_cube_main",
    "initial_keypoint": [
      -0.0021602742979857092,
      0.12240034853118394,
      0.8491989633471081
    ],
    "initial_pos": [
      -0.018970485797775938,
      0.11038026938024983,
      0.8305312448034196
    ],
    "initial_rot": [
      [
        -0.5923005558229647,
        -0.8057171039340091,
        0.0
      ],
      [
        0.8057171039340091,
        -0.5923005558229647,
        0.0
      ],
      [
        0.0,
        0.0,
        0.9999999999999999
      ]
    ],
    "keypoint_offset": [
      0.01681021149979023,
      0.012020079150934102,
      0.01866771854368854
    ]
  }
}