{
  "251": {
    "geom_id": 121,
    "geom_name": "light_cube_g0_vis",
    "body_id": 23,
    "body_name": "light_cube_main",
    "initial_keypoint": [
      -0.03349242856739354,
      -0.1508519979379852,
      0.8534596864927733
    ],
    "initial_pos": [
      -0.03594641452960848,
      -0.14302777634178968,
      0.8313402109464575
    ],
    "initial_rot": [
      [
        -0.9884462940218287,
        -0.1515715139282864,
        0.0
      ],
      [
        0.1515715139282864,
        -0.9884462940218287,
        0.0
      ],
      [
        0.0,
        0.0,
        1.0
      ]
    ],
    "keypoint_offset": [
      0.0024539859622149385,
      -0.00782422159619553,
      0.02211947554631577
    ]
  },
  "252": {
    "geom_id": 121,
    "geom_name": "light_cube_g0_vis",
    "body_id": 23,
    "body_name": "light_cube_main",
    "initial_keypoint": [
      -0.01758104100827873,
      -0.15139094760399793,
      0.8338199372676489
    ],
    "initial_pos": [
      -0.03594641452960848,
      -0.14302777634178968,
      0.8313402109464575
    ],
    "initial_rot": [
      [
        -0.9884462940218287,
        -0.1515715139282864,
        0.0
      ],
      [
        0.1515715139282864,
        -0.9884462940218287,
        0.0
      ],
      [
        0.0,
        0.0,
        1.0
      ]
    ],
    "keypoint_offset": [
      0.018365373521329748,
      -0.008363171262208258,
      0.0024797263211914222
    ]
  },
  "275": {
    "geom_id": 121,
    "geom_name": "light_cube_g0_vis",
    "body_id": 23,
    "body_name": "light_cube_main",
    "initial_keypoint": [
      -0.033494611405973984,
      -0.12571051263690947,
      0.8534576548475331
    ],
    "initial_pos": [
      -0.03594641452960848,
      -0.14302777634178968,
      0.8313402109464575
    ],
    "initial_rot": [
      [
        -0.9884462940218287,
        -0.1515715139282864,
        0.0
      ],
      [
        0.1515715139282864,
        -0.9884462940218287,
        0.0
      ],
      [
        0.0,
        0.0,
        1.0
      ]
    ],
    "keypoint_offset": [
      0.002451803123634494,
      0.01731726370488021,
      0.022117443901075617
    ]
  },
  "276": {
    "geom_id": 121,
    "geom_name": "light_cube_g0_vis",
    "body_id": 23,
    "body_name": "light_cube_main",
    "initial_keypoint": [
      -0.01644638839883661,
      -0.12588255418264643,
      0.8349515186215182
    ],
    "initial_pos": [
      -0.03594641452960848,
      -0.14302777634178968,
      0.8313402109464575
    ],
    "initial_rot": [
      [
        -0.9884462940218287,
        -0.1515715139282864,
        0.0
      ],
      [
        0.1515715139282864,
        -0.9884462940218287,
        0.0
      ],
      [
        0.0,
        0.0,
        1.0
      ]
    ],
    "keypoint_offset": [
      0.01950002613077187,
      0.017145222159143242,
      0.003611307675060682
    ]
  },
  "312": {
    "geom_id": 75,
    "geom_name": "gripper0_right_wiping_surface_vis",
    "body_id": 14,
    "body_name": "gripper0_right_wiping_gripper",
    "initial_keypoint": [
      -0.10534754995312912,
      -0.06265067974540955,
      1.1002174326585665
    ],
    "initial_pos": [
      -0.1275640395092789,
      -0.008488488059094355,
      1.0832336827901774
    ],
    "initial_rot": [
      [
        0.013688037482617783,
        0.9953945467177246,
        0.09488063023867149
      ],
      [
        0.9998742147896152,
        -0.012865510443646515,
        -0.00927541049615542
      ],
      [
        -0.008012005287206067,
        0.09499565782517365,
        -0.9954454443944368
      ]
    ],
    "keypoint_offset": [
      0.02221648955614977,
      -0.0541621916863152,
      0.01698374986838913
    ]
  },
  "313": {
    "geom_id": 75,
    "geom_name": "gripper0_right_wiping_surface_vis",
    "body_id": 14,
    "body_name": "gripper0_right_wiping_gripper",
    "initial_keypoint": [
      -0.10341904452918571,
      -0.06401044781466908,
      1.0796883207352694
    ],
    "initial_pos": [
      -0.1275640395092789,
      -0.008488488059094355,
      1.0832336827901774
    ],
    "initial_rot": [
      [
        0.013688037482617783,
        0.9953945467177246,
        0.09488063023867149
      ],
      [
        0.9998742147896152,
        -0.012865510443646515,
        -0.00927541049615542
      ],
      [
        -0.008012005287206067,
        0.09499565782517365,
        -0.9954454443944368
      ]
    ],
    "keypoint_offset": [
      0.024144994980093176,
      -0.055521959755574724,
      -0.0035453620549079634
    ]
  },
  "336": {
    "geom_id": 75,
    "geom_name": "gripper0_right_wiping_surface_vis",
    "body_id": 14,
    "body_name": "gripper0_right_wiping_gripper",
    "initial_keypoint": [
      -0.1050884226292903,
      -0.0417492408416046,
      1.1003243555134155
    ],
    "initial_pos": [
      -0.1275640395092789,
      -0.008488488059094355,
      1.0832336827901774
    ],
    "initial_rot": [
      [
        0.013688037482617783,
        0.9953945467177246,
        0.09488063023867149
      ],
      [
        0.9998742147896152,
        -0.012865510443646515,
        -0.00927541049615542
      ],
      [
        -0.008012005287206067,
        0.09499565782517365,
        -0.9954454443944368
      ]
    ],
    "keypoint_offset": [
      0.022475616879988586,
      -0.03326075278251024,
      0.017090672723238054
    ]
  },
  "337": {
    "geom_id": 75,
    "geom_name": "gripper0_right_wiping_surface_vis",
    "body_id": 14,
    "body_name": "gripper0_right_wiping_gripper",
    "initial_keypoint": [
      -0.10315302176828478,
      -0.042654818818634296,
      1.0798074900917451
    ],
    "initial_pos": [
      -0.1275640395092789,
      -0.008488488059094355,
      1.0832336827901774
    ],
    "initial_rot": [
      [
        0.013688037482617783,
        0.9953945467177246,
        0.09488063023867149
      ],
      [
        0.9998742147896152,
        -0.012865510443646515,
        -0.00927541049615542
      ],
      [
        -0.008012005287206067,
        0.09499565782517365,
        -0.9954454443944368
      ]
    ],
    "keypoint_offset": [
      0.024411017740994106,
      -0.03416633075953994,
      -0.003426192698432251
    ]
  },
  "361": {
    "geom_id": 75,
    "geom_name": "gripper0_right_wiping_surface_vis",
    "body_id": 14,
    "body_name": "gripper0_right_wiping_gripper",
    "initial_keypoint": [
      -0.10288932641561577,
      -0.021318085177252092,
      1.079925616846677
    ],
    "initial_pos": [
      -0.1275640395092789,
      -0.008488488059094355,
      1.0832336827901774
    ],
    "initial_rot": [
      [
        0.013688037482617783,
        0.9953945467177246,
        0.09488063023867149
      ],
      [
        0.9998742147896152,
        -0.012865510443646515,
        -0.00927541049615542
      ],
      [
        -0.008012005287206067,
        0.09499565782517365,
        -0.9954454443944368
      ]
    ],
    "keypoint_offset": [
      0.02467471309366312,
      -0.012829597118157737,
      -0.0033080659435003046
    ]
  },
  "385": {
    "geom_id": 75,
    "geom_name": "gripper0_right_wiping_surface_vis",
    "body_id": 14,
    "body_name": "gripper0_right_wiping_gripper",
    "initial_keypoint": [
      -0.10262586380376992,
      0.0,
      1.0800436393414545
    ],
    "initial_pos": [
      -0.1275640395092789,
      -0.008488488059094355,
      1.0832336827901774
    ],
    "initial_rot": [
      [
        0.013688037482617783,
        0.9953945467177246,
        0.09488063023867149
      ],
      [
        0.9998742147896152,
        -0.012865510443646515,
        -0.00927541049615542
      ],
      [
        -0.008012005287206067,
        0.09499565782517365,
        -0.9954454443944368
      ]
    ],
    "keypoint_offset": [
      0.024938175705508964,
      0.008488488059094355,
      -0.003190043448722868
    ]
  },
  "398": {
    "geom_id": 119,
    "geom_name": "red_cube_g0_vis",
    "body_id": 22,
    "body_name": "red_cube_main",
    "initial_keypoint": [
      0.06381895534389398,
      0.0,
      0.8504974696969034
    ],
    "initial_pos": [
      0.05030554899207501,
      0.023590011467396033,
      0.8319793473366074
    ],
    "initial_rot": [
      [
        0.3246939553947026,
        -0.9458191345760261,
        0.0
      ],
      [
        0.9458191345760261,
        0.3246939553947026,
        0.0
      ],
      [
        0.0,
        0.0,
        1.0
      ]
    ],
    "keypoint_offset": [
      0.013513406351818968,
      -0.023590011467396033,
      0.01851812236029604
    ]
  },
  "399": {
    "geom_id": 119,
    "geom_name": "red_cube_g0_vis",
    "body_id": 22,
    "body_name": "red_cube_main",
    "initial_keypoint": [
      0.06379568427477078,
      0.0,
      0.8145035860834446
    ],
    "initial_pos": [
      0.05030554899207501,
      0.023590011467396033,
      0.8319793473366074
    ],
    "initial_rot": [
      [
        0.3246939553947026,
        -0.9458191345760261,
        0.0
      ],
      [
        0.9458191345760261,
        0.3246939553947026,
        0.0
      ],
      [
        0.0,
        0.0,
        1.0
      ]
    ],
    "keypoint_offset": [
      0.01349013528269577,
      -0.023590011467396033,
      -0.017475761253162747
    ]
  },
  "408": {
    "geom_id": 75,
    "geom_name": "gripper0_right_wiping_surface_vis",
    "body_id": 14,
    "body_name": "gripper0_right_wiping_gripper",
    "initial_keypoint": [
      -0.10430823766946051,
      0.020847705239011687,
      1.1006462806658053
    ],
    "initial_pos": [
      -0.1275640395092789,
      -0.008488488059094355,
      1.0832336827901774
    ],
    "initial_rot": [
      [
        0.013688037482617783,
        0.9953945467177246,
        0.09488063023867149
      ],
      [
        0.9998742147896152,
        -0.012865510443646515,
        -0.00927541049615542
      ],
      [
        -0.008012005287206067,
        0.09499565782517365,
        -0.9954454443944368
      ]
    ],
    "keypoint_offset": [
      0.023255801839818374,
      0.029336193298106043,
      0.017412597875627878
    ]
  },
  "409": {
    "geom_id": 75,
    "geom_name": "gripper0_right_wiping_surface_vis",
    "body_id": 14,
    "body_name": "gripper0_right_wiping_gripper",
    "initial_keypoint": [
      -0.10236059745054438,
      0.021299389392438507,
      1.0801624698524286
    ],
    "initial_pos": [
      -0.1275640395092789,
      -0.008488488059094355,
      1.0832336827901774
    ],
    "initial_rot": [
      [
        0.013688037482617783,
        0.9953945467177246,
        0.09488063023867149
      ],
      [
        0.9998742147896152,
        -0.012865510443646515,
        -0.00927541049615542
      ],
      [
        -0.008012005287206067,
        0.09499565782517365,
        -0.9954454443944368
      ]
    ],
    "keypoint_offset": [
      0.02520344205873451,
      0.029787877451532864,
      -0.003071212937748813
    ]
  },
  "421": {
    "geom_id": 119,
    "geom_name": "red_cube_g0_vis",
    "body_id": 22,
    "body_name": "red_cube_main",
    "initial_keypoint": [
      0.036480331588987,
      0.023401956402425185,
      0.8546843740571457
    ],
    "initial_pos": [
      0.05030554899207501,
      0.023590011467396033,
      0.8319793473366074
    ],
    "initial_rot": [
      [
        0.3246939553947026,
        -0.9458191345760261,
        0.0
      ],
      [
        0.9458191345760261,
        0.3246939553947026,
        0.0
      ],
      [
        0.0,
        0.0,
        1.0
      ]
    ],
    "keypoint_offset": [
      -0.013825217403088008,
      -0.00018805506497084762,
      0.022705026720538313
    ]
  },
  "422": {
    "geom_id": 119,
    "geom_name": "red_cube_g0_vis",
    "body_id": 22,
    "body_name": "red_cube_main",
    "initial_keypoint": [
      0.06745533951118271,
      0.02264545298028026,
      0.8546617567858733
    ],
    "initial_pos": [
      0.05030554899207501,
      0.023590011467396033,
      0.8319793473366074
    ],
    "initial_rot": [
      [
        0.3246939553947026,
        -0.9458191345760261,
        0.0
      ],
      [
        0.9458191345760261,
        0.3246939553947026,
        0.0
      ],
      [
        0.0,
        0.0,
        1.0
      ]
    ],
    "keypoint_offset": [
      0.0171497905191077,
      -0.0009445584871157729,
      0.022682409449265917
    ]
  },
  "423": {
    "geom_id": 119,
    "geom_name": "red_cube_g0_vis",
    "body_id": 22,
    "body_name": "red_cube_main",
    "initial_keypoint": [
      0.07179938041192652,
      0.023278628414191368,
      0.8243291435688145
    ],
    "initial_pos": [
      0.05030554899207501,
      0.023590011467396033,
      0.8319793473366074
    ],
    "initial_rot": [
      [
        0.3246939553947026,
        -0.9458191345760261,
        0.0
      ],
      [
        0.9458191345760261,
        0.3246939553947026,
        0.0
      ],
      [
        0.0,
        0.0,
        1.0
      ]
    ],
    "keypoint_offset": [
      0.021493831419851506,
      -0.0003113830532046648,
      -0.007650203767792907
    ]
  },
  "432": {
    "geom_id": 75,
    "geom_name": "gripper0_right_wiping_surface_vis",
    "body_id": 14,
    "body_name": "gripper0_right_wiping_gripper",
    "initial_keypoint": [
      -0.10405000491635996,
      0.04167759321198555,
      1.1007528343968744
    ],
    "initial_pos": [
      -0.1275640395092789,
      -0.008488488059094355,
      1.0832336827901774
    ],
    "initial_rot": [
      [
        0.013688037482617783,
        0.9953945467177246,
        0.09488063023867149
      ],
      [
        0.9998742147896152,
        -0.012865510443646515,
        -0.00927541049615542
      ],
      [
        -0.008012005287206067,
        0.09499565782517365,
        -0.9954454443944368
      ]
    ],
    "keypoint_offset": [
      0.023514034592918925,
      0.05016608127107991,
      0.017519151606697037
    ]
  },
  "433": {
    "geom_id": 75,
    "geom_name": "gripper0_right_wiping_surface_vis",
    "body_id": 14,
    "body_name": "gripper0_right_wiping_gripper",
    "initial_keypoint": [
      -0.10209760032034487,
      0.042580179698851396,
      1.080280283826897
    ],
    "initial_pos": [
      -0.1275640395092789,
      -0.008488488059094355,
      1.0832336827901774
    ],
    "initial_rot": [
      [
        0.013688037482617783,
        0.9953945467177246,
        0.09488063023867149
      ],
      [
        0.9998742147896152,
        -0.012865510443646515,
        -0.00927541049615542
      ],
      [
        -0.008012005287206067,
        0.09499565782517365,
        -0.9954454443944368
      ]
    ],
    "keypoint_offset": [
      0.025466439188934015,
      0.05106866775794575,
      -0.002953398963280396
    ]
  },
  "445": {
    "geom_id": 119,
    "geom_name": "red_cube_g0_vis",
    "body_id": 22,
    "body_name": "red_cube_main",
    "initial_keypoint": [
      0.036480331588987,
      0.04680391280485037,
      0.8546843740571457
    ],
    "initial_pos": [
      0.05030554899207501,
      0.023590011467396033,
      0.8319793473366074
    ],
    "initial_rot": [
      [
        0.3246939553947026,
        -0.9458191345760261,
        0.0
      ],
      [
        0.9458191345760261,
        0.3246939553947026,
        0.0
      ],
      [
        0.0,
        0.0,
        1.0
      ]
    ],
    "keypoint_offset": [
      -0.013825217403088008,
      0.023213901337454337,
      0.022705026720538313
    ]
  },
  "446": {
    "geom_id": 119,
    "geom_name": "red_cube_g0_vis",
    "body_id": 22,
    "body_name": "red_cube_main",
    "initial_keypoint": [
      0.046111324982362145,
      0.047525796003482786,
      0.8302191786532596
    ],
    "initial_pos": [
      0.05030554899207501,
      0.023590011467396033,
      0.8319793473366074
    ],
    "initial_rot": [
      [
        0.3246939553947026,
        -0.9458191345760261,
        0.0
      ],
      [
        0.9458191345760261,
        0.3246939553947026,
        0.0
      ],
      [
        0.0,
        0.0,
        1.0
      ]
    ],
    "keypoint_offset": [
      -0.004194224009712866,
      0.023935784536086753,
      -0.0017601686833478292
    ]
  },
  "468": {
    "geom_id": 117,
    "geom_name": "blue_cube_g0_vis",
    "body_id": 21,
    "body_name": "blue_cube_main",
    "initial_keypoint": [
      0.00037774333169698915,
      0.07306902773497496,
      0.8517301111201281
    ],
    "initial_pos": [
      0.014433593570184339,
      0.08111111692215331,
      0.8304887475898471
    ],
    "initial_rot": [
      [
        0.9942070580591044,
        -0.10748174591743755,
        0.0
      ],
      [
        0.10748174591743755,
        0.9942070580591044,
        0.0
      ],
      [
        0.0,
        0.0,
        0.9999999999999999
      ]
    ],
    "keypoint_offset": [
      -0.01405585023848735,
      -0.008042089187178345,
      0.021241363530280943
    ]
  },
  "469": {
    "geom_id": 117,
    "geom_name": "blue_cube_g0_vis",
    "body_id": 21,
    "body_name": "blue_cube_main",
    "initial_keypoint": [
      0.03369373166109507,
      0.07062793472769079,
      0.8517066223421694
    ],
    "initial_pos": [
      0.014433593570184339,
      0.08111111692215331,
      0.8304887475898471
    ],
    "initial_rot": [
      [
        0.9942070580591044,
        -0.10748174591743755,
        0.0
      ],
      [
        0.10748174591743755,
        0.9942070580591044,
        0.0
      ],
      [
        0.0,
        0.0,
        0.9999999999999999
      ]
    ],
    "keypoint_offset": [
      0.019260138090910733,
      -0.010483182194462523,
      0.021217874752322285
    ]
  },
  "470": {
    "geom_id": 117,
    "geom_name": "blue_cube_g0_vis",
    "body_id": 21,
    "body_name": "blue_cube_main",
    "initial_keypoint": [
      0.035367303690669094,
      0.07297617220947626,
      0.8179154211044596
    ],
    "initial_pos": [
      0.014433593570184339,
      0.08111111692215331,
      0.8304887475898471
    ],
    "initial_rot": [
      [
        0.9942070580591044,
        -0.10748174591743755,
        0.0
      ],
      [
        0.10748174591743755,
        0.9942070580591044,
        0.0
      ],
      [
        0.0,
        0.0,
        0.9999999999999999
      ]
    ],
    "keypoint_offset": [
      0.020933710120484755,
      -0.008134944712677047,
      -0.01257332648538756
    ]
  },
  "492": {
    "geom_id": 117,
    "geom_name": "blue_cube_g0_vis",
    "body_id": 21,
    "body_name": "blue_cube_main",
    "initial_keypoint": [
      0.0003797269163220429,
      0.09742498351814809,
      0.8517320893356248
    ],
    "initial_pos": [
      0.014433593570184339,
      0.08111111692215331,
      0.8304887475898471
    ],
    "initial_rot": [
      [
        0.9942070580591044,
        -0.10748174591743755,
        0.0
      ],
      [
        0.10748174591743755,
        0.9942070580591044,
        0.0
      ],
      [
        0.0,
        0.0,
        0.9999999999999999
      ]
    ],
    "keypoint_offset": [
      -0.014053866653862296,
      0.016313866595994778,
      0.02124334174577769
    ]
  },
  "493": {
    "geom_id": 117,
    "geom_name": "blue_cube_g0_vis",
    "body_id": 21,
    "body_name": "blue_cube_main",
    "initial_keypoint": [
      0.03308723326641211,
      0.09429306202511542,
      0.8510585201094734
    ],
    "initial_pos": [
      0.014433593570184339,
      0.08111111692215331,
      0.8304887475898471
    ],
    "initial_rot": [
      [
        0.9942070580591044,
        -0.10748174591743755,
        0.0
      ],
      [
        0.10748174591743755,
        0.9942070580591044,
        0.0
      ],
      [
        0.0,
        0.0,
        0.9999999999999999
      ]
    ],
    "keypoint_offset": [
      0.01865363969622777,
      0.013181945102962112,
      0.020569772519626217
    ]
  },
  "494": {
    "geom_id": 117,
    "geom_name": "blue_cube_g0_vis",
    "body_id": 21,
    "body_name": "blue_cube_main",
    "initial_keypoint": [
      0.03267160152669146,
      0.09786608635526631,
      0.8148283771617043
    ],
    "initial_pos": [
      0.014433593570184339,
      0.08111111692215331,
      0.8304887475898471
    ],
    "initial_rot": [
      [
        0.9942070580591044,
        -0.10748174591743755,
        0.0
      ],
      [
        0.10748174591743755,
        0.9942070580591044,
        0.0
      ],
      [
        0.0,
        0.0,
        0.9999999999999999
      ]
    ],
    "keypoint_offset": [
      0.018238007956507124,
      0.016754969433113,
      -0.015660370428142834
    ]
  }
}