{
  "279": {
    "geom_id": 117,
    "geom_name": "red_cube_g0_vis",
    "body_id": 21,
    "body_name": "red_cube_main",
    "initial_keypoint": [
      0.09537524674712644,
      -0.10998476937304111,
      0.8532715254351786
    ],
    "initial_pos": [
      0.11435330546585018,
      -0.1012013199184334,
      0.8312957057340274
    ],
    "initial_rot": [
      [
        -0.30429024835577245,
        0.9525793640193885,
        0.0
      ],
      [
        -0.9525793640193885,
        -0.30429024835577245,
        0.0
      ],
      [
        0.0,
        0.0,
        1.0
      ]
    ],
    "keypoint_offset": [
      -0.01897805871872374,
      -0.008783449454607711,
      0.021975819701151145
    ]
  },
  "280": {
    "geom_id": 117,
    "geom_name": "red_cube_g0_vis",
    "body_id": 21,
    "body_name": "red_cube_main",
    "initial_keypoint": [
      0.12272140789702035,
      -0.10664556476961075,
      0.8532501185629865
    ],
    "initial_pos": [
      0.11435330546585018,
      -0.1012013199184334,
      0.8312957057340274
    ],
    "initial_rot": [
      [
        -0.30429024835577245,
        0.9525793640193885,
        0.0
      ],
      [
        -0.9525793640193885,
        -0.30429024835577245,
        0.0
      ],
      [
        0.0,
        0.0,
        1.0
      ]
    ],
    "keypoint_offset": [
      0.008368102431170171,
      -0.005444244851177352,
      0.021954412828959047
    ]
  },
  "281": {
    "geom_id": 117,
    "geom_name": "red_cube_g0_vis",
    "body_id": 21,
    "body_name": "red_cube_main",
    "initial_keypoint": [
      0.1332918344461414,
      -0.10796784868529717,
      0.831801345635641
    ],
    "initial_pos": [
      0.11435330546585018,
      -0.1012013199184334,
      0.8312957057340274
    ],
    "initial_rot": [
      [
        -0.30429024835577245,
        0.9525793640193885,
        0.0
      ],
      [
        -0.9525793640193885,
        -0.30429024835577245,
        0.0
      ],
      [
        0.0,
        0.0,
        1.0
      ]
    ],
    "keypoint_offset": [
      0.01893852898029122,
      -0.006766528766863775,
      0.0005056399016135638
    ]
  },
  "304": {
    "geom_id": 117,
    "geom_name": "red_cube_g0_vis",
    "body_id": 21,
    "body_name": "red_cube_main",
    "initial_keypoint": [
      0.12272271802898299,
      -0.08531615554706164,
      0.853251843569151
    ],
    "initial_pos": [
      0.11435330546585018,
      -0.1012013199184334,
      0.8312957057340274
    ],
    "initial_rot": [
      [
        -0.30429024835577245,
        0.9525793640193885,
        0.0
      ],
      [
        -0.9525793640193885,
        -0.30429024835577245,
        0.0
      ],
      [
        0.0,
        0.0,
        1.0
      ]
    ],
    "keypoint_offset": [
      0.008369412563132811,
      0.01588516437137176,
      0.021956137835123513
    ]
  },
  "305": {
    "geom_id": 117,
    "geom_name": "red_cube_g0_vis",
    "body_id": 21,
    "body_name": "red_cube_main",
    "initial_keypoint": [
      0.13457227003879102,
      -0.08607268571567983,
      0.8336107408535225
    ],
    "initial_pos": [
      0.11435330546585018,
      -0.1012013199184334,
      0.8312957057340274
    ],
    "initial_rot": [
      [
        -0.30429024835577245,
        0.9525793640193885,
        0.0
      ],
      [
        -0.9525793640193885,
        -0.30429024835577245,
        0.0
      ],
      [
        0.0,
        0.0,
        1.0
      ]
    ],
    "keypoint_offset": [
      0.02021896457294084,
      0.015128634202753566,
      0.002315035119495046
    ]
  },
  "322": {
    "geom_id": 123,
    "geom_name": "blue_cube_g0_vis",
    "body_id": 24,
    "body_name": "blue_cube_main",
    "initial_keypoint": [
      -0.0742803141632482,
      -0.07857768610576953,
      0.8512576932383396
    ],
    "initial_pos": [
      -0.078490874021977,
      -0.07176041040746034,
      0.8302237571351433
    ],
    "initial_rot": [
      [
        -0.4541893312716602,
        0.8909051865148178,
        0.0
      ],
      [
        -0.8909051865148178,
        -0.4541893312716602,
        0.0
      ],
      [
        0.0,
        0.0,
        1.0
      ]
    ],
    "keypoint_offset": [
      0.004210559858728799,
      -0.006817275698309186,
      0.02103393610319626
    ]
  },
  "323": {
    "geom_id": 123,
    "geom_name": "blue_cube_g0_vis",
    "body_id": 24,
    "body_name": "blue_cube_main",
    "initial_keypoint": [
      -0.05832645212775944,
      -0.07893707229479421,
      0.830345780495226
    ],
    "initial_pos": [
      -0.078490874021977,
      -0.07176041040746034,
      0.8302237571351433
    ],
    "initial_rot": [
      [
        -0.4541893312716602,
        0.8909051865148178,
        0.0
      ],
      [
        -0.8909051865148178,
        -0.4541893312716602,
        0.0
      ],
      [
        0.0,
        0.0,
        1.0
      ]
    ],
    "keypoint_offset": [
      0.020164421894217563,
      -0.007176661887333874,
      0.00012202336008271253
    ]
  },
  "345": {
    "geom_id": 121,
    "geom_name": "green_cube_g0_vis",
    "body_id": 23,
    "body_name": "green_cube_main",
    "initial_keypoint": [
      -0.11453006940685928,
      -0.05430757415725712,
      0.8521812804805446
    ],
    "initial_pos": [
      -0.1340074148556861,
      -0.04122622104763163,
      0.8309256372428097
    ],
    "initial_rot": [
      [
        0.05764606036918346,
        -0.9983370832158406,
        0.0
      ],
      [
        0.9983370832158406,
        0.05764606036918346,
        0.0
      ],
      [
        0.0,
        0.0,
        0.9999999999999998
      ]
    ],
    "keypoint_offset": [
      0.019477345448826816,
      -0.013081353109625493,
      0.02125564323773499
    ]
  },
  "346": {
    "geom_id": 123,
    "geom_name": "blue_cube_g0_vis",
    "body_id": 24,
    "body_name": "blue_cube_main",
    "initial_keypoint": [
      -0.0742803141632482,
      -0.05238512407051302,
      0.8512576932383396
    ],
    "initial_pos": [
      -0.078490874021977,
      -0.07176041040746034,
      0.8302237571351433
    ],
    "initial_rot": [
      [
        -0.4541893312716602,
        0.8909051865148178,
        0.0
      ],
      [
        -0.8909051865148178,
        -0.4541893312716602,
        0.0
      ],
      [
        0.0,
        0.0,
        1.0
      ]
    ],
    "keypoint_offset": [
      0.004210559858728799,
      0.019375286336947323,
      0.02103393610319626
    ]
  },
  "347": {
    "geom_id": 123,
    "geom_name": "blue_cube_g0_vis",
    "body_id": 24,
    "body_name": "blue_cube_main",
    "initial_keypoint": [
      -0.07060286727497045,
      -0.05378182078967009,
      0.8189196857663651
    ],
    "initial_pos": [
      -0.078490874021977,
      -0.07176041040746034,
      0.8302237571351433
    ],
    "initial_rot": [
      [
        -0.4541893312716602,
        0.8909051865148178,
        0.0
      ],
      [
        -0.8909051865148178,
        -0.4541893312716602,
        0.0
      ],
      [
        0.0,
        0.0,
        1.0
      ]
    ],
    "keypoint_offset": [
      0.007888006747006557,
      0.017978589617790253,
      -0.011304071368778201
    ]
  },
  "360": {
    "geom_id": 75,
    "geom_name": "gripper0_right_wiping_surface_vis",
    "body_id": 14,
    "body_name": "gripper0_right_wiping_gripper",
    "initial_keypoint": [
      -0.0841930393258562,
      -0.020153761817838112,
      1.1089463487593108
    ],
    "initial_pos": [
      -0.1107412630942706,
      0.02987905324225582,
      1.1018571101766492
    ],
    "initial_rot": [
      [
        -0.05652233929592888,
        0.9892320185717058,
        0.1350008836751144
      ],
      [
        0.9983935011277936,
        0.05546715836976222,
        0.011567681192349188
      ],
      [
        0.003955005221236124,
        0.13543783730896472,
        -0.9907779519946777
      ]
    ],
    "keypoint_offset": [
      0.026548223768414397,
      -0.05003281506009393,
      0.007089238582661528
    ]
  },
  "369": {
    "geom_id": 121,
    "geom_name": "green_cube_g0_vis",
    "body_id": 23,
    "body_name": "green_cube_main",
    "initial_keypoint": [
      -0.11390063809356266,
      -0.027125974861272995,
      0.8526911704045854
    ],
    "initial_pos": [
      -0.1340074148556861,
      -0.04122622104763163,
      0.8309256372428097
    ],
    "initial_rot": [
      [
        0.05764606036918346,
        -0.9983370832158406,
        0.0
      ],
      [
        0.9983370832158406,
        0.05764606036918346,
        0.0
      ],
      [
        0.0,
        0.0,
        0.9999999999999998
      ]
    ],
    "keypoint_offset": [
      0.02010677676212344,
      0.014100246186358634,
      0.021765533161775763
    ]
  },
  "370": {
    "geom_id": 121,
    "geom_name": "green_cube_g0_vis",
    "body_id": 23,
    "body_name": "green_cube_main",
    "initial_keypoint": [
      -0.11303028544636773,
      -0.02795992372547283,
      0.8176047025505945
    ],
    "initial_pos": [
      -0.1340074148556861,
      -0.04122622104763163,
      0.8309256372428097
    ],
    "initial_rot": [
      [
        0.05764606036918346,
        -0.9983370832158406,
        0.0
      ],
      [
        0.9983370832158406,
        0.05764606036918346,
        0.0
      ],
      [
        0.0,
        0.0,
        0.9999999999999998
      ]
    ],
    "keypoint_offset": [
      0.020977129409318368,
      0.0132662973221588,
      -0.01332093469221518
    ]
  },
  "384": {
    "geom_id": 75,
    "geom_name": "gripper0_right_wiping_surface_vis",
    "body_id": 14,
    "body_name": "gripper0_right_wiping_gripper",
    "initial_keypoint": [
      -0.08526228991023066,
      0.0,
      1.1085051474095784
    ],
    "initial_pos": [
      -0.1107412630942706,
      0.02987905324225582,
      1.1018571101766492
    ],
    "initial_rot": [
      [
        -0.05652233929592888,
        0.9892320185717058,
        0.1350008836751144
      ],
      [
        0.9983935011277936,
        0.05546715836976222,
        0.011567681192349188
      ],
      [
        0.003955005221236124,
        0.13543783730896472,
        -0.9907779519946777
      ]
    ],
    "keypoint_offset": [
      0.025478973184039938,
      -0.02987905324225582,
      0.0066480372329291715
    ]
  },
  "408": {
    "geom_id": 75,
    "geom_name": "gripper0_right_wiping_surface_vis",
    "body_id": 14,
    "body_name": "gripper0_right_wiping_gripper",
    "initial_keypoint": [
      -0.0863374446614773,
      0.02022774050547342,
      1.1080615098429005
    ],
    "initial_pos": [
      -0.1107412630942706,
      0.02987905324225582,
      1.1018571101766492
    ],
    "initial_rot": [
      [
        -0.05652233929592888,
        0.9892320185717058,
        0.1350008836751144
      ],
      [
        0.9983935011277936,
        0.05546715836976222,
        0.011567681192349188
      ],
      [
        0.003955005221236124,
        0.13543783730896472,
        -0.9907779519946777
      ]
    ],
    "keypoint_offset": [
      0.024403818432793295,
      -0.009651312736782398,
      0.0062043996662513035
    ]
  },
  "432": {
    "geom_id": 75,
    "geom_name": "gripper0_right_wiping_surface_vis",
    "body_id": 14,
    "body_name": "gripper0_right_wiping_gripper",
    "initial_keypoint": [
      -0.08741653552397222,
      0.040529934962837896,
      1.1076162481315917
    ],
    "initial_pos": [
      -0.1107412630942706,
      0.02987905324225582,
      1.1018571101766492
    ],
    "initial_rot": [
      [
        -0.05652233929592888,
        0.9892320185717058,
        0.1350008836751144
      ],
      [
        0.9983935011277936,
        0.05546715836976222,
        0.011567681192349188
      ],
      [
        0.003955005221236124,
        0.13543783730896472,
        -0.9907779519946777
      ]
    ],
    "keypoint_offset": [
      0.02332472757029838,
      0.010650881720582078,
      0.005759137954942428
    ]
  },
  "456": {
    "geom_id": 75,
    "geom_name": "gripper0_right_wiping_surface_vis",
    "body_id": 14,
    "body_name": "gripper0_right_wiping_gripper",
    "initial_keypoint": [
      -0.08849765408014043,
      0.06090679322903751,
      1.1071701497397157
    ],
    "initial_pos": [
      -0.1107412630942706,
      0.02987905324225582,
      1.1018571101766492
    ],
    "initial_rot": [
      [
        -0.05652233929592888,
        0.9892320185717058,
        0.1350008836751144
      ],
      [
        0.9983935011277936,
        0.05546715836976222,
        0.011567681192349188
      ],
      [
        0.003955005221236124,
        0.13543783730896472,
        -0.9907779519946777
      ]
    ],
    "keypoint_offset": [
      0.022243609014130167,
      0.031027739986781693,
      0.005313039563066502
    ]
  },
  "465": {
    "geom_id": 119,
    "geom_name": "light_cube_g0_vis",
    "body_id": 22,
    "body_name": "light_cube_main",
    "initial_keypoint": [
      -0.12540598876370646,
      0.08290305992502488,
      0.8433709121725327
    ],
    "initial_pos": [
      -0.1339150338705852,
      0.10281522103325905,
      0.8309679283797825
    ],
    "initial_rot": [
      [
        -0.8058107227253803,
        0.5921731834022883,
        0.0
      ],
      [
        -0.5921731834022883,
        -0.8058107227253803,
        0.0
      ],
      [
        0.0,
        0.0,
        1.0
      ]
    ],
    "keypoint_offset": [
      0.008509045106878749,
      -0.01991216110823417,
      0.012402983792750177
    ]
  },
  "480": {
    "geom_id": 75,
    "geom_name": "gripper0_right_wiping_surface_vis",
    "body_id": 14,
    "body_name": "gripper0_right_wiping_gripper",
    "initial_keypoint": [
      -0.0895847364412301,
      0.0813590683201658,
      1.1067215905226417
    ],
    "initial_pos": [
      -0.1107412630942706,
      0.02987905324225582,
      1.1018571101766492
    ],
    "initial_rot": [
      [
        -0.05652233929592888,
        0.9892320185717058,
        0.1350008836751144
      ],
      [
        0.9983935011277936,
        0.05546715836976222,
        0.011567681192349188
      ],
      [
        0.003955005221236124,
        0.13543783730896472,
        -0.9907779519946777
      ]
    ],
    "keypoint_offset": [
      0.02115652665304049,
      0.05148001507790999,
      0.004864480345992517
    ]
  },
  "489": {
    "geom_id": 119,
    "geom_name": "light_cube_g0_vis",
    "body_id": 22,
    "body_name": "light_cube_main",
    "initial_keypoint": [
      -0.11456806437295264,
      0.10862186373672526,
      0.8521505015059907
    ],
    "initial_pos": [
      -0.1339150338705852,
      0.10281522103325905,
      0.8309679283797825
    ],
    "initial_rot": [
      [
        -0.8058107227253803,
        0.5921731834022883,
        0.0
      ],
      [
        -0.5921731834022883,
        -0.8058107227253803,
        0.0
      ],
      [
        0.0,
        0.0,
        1.0
      ]
    ],
    "keypoint_offset": [
      0.019346969497632566,
      0.005806642703466217,
      0.021182573126208193
    ]
  },
  "490": {
    "geom_id": 119,
    "geom_name": "light_cube_g0_vis",
    "body_id": 22,
    "body_name": "light_cube_main",
    "initial_keypoint": [
      -0.1175915892796563,
      0.11267184763754022,
      0.8136433701845881
    ],
    "initial_pos": [
      -0.1339150338705852,
      0.10281522103325905,
      0.8309679283797825
    ],
    "initial_rot": [
      [
        -0.8058107227253803,
        0.5921731834022883,
        0.0
      ],
      [
        -0.5921731834022883,
        -0.8058107227253803,
        0.0
      ],
      [
        0.0,
        0.0,
        1.0
      ]
    ],
    "keypoint_offset": [
      0.01632344459092891,
      0.009856626604281174,
      -0.017324558195194406
    ]
  }
}