{
  "313": {
    "geom_id": 75,
    "geom_name": "gripper0_right_wiping_surface_vis",
    "body_id": 14,
    "body_name": "gripper0_right_wiping_gripper",
    "initial_keypoint": [
      -0.10590180726051601,
      -0.06427381827950752,
      1.0785761255382396
    ],
    "initial_pos": [
      -0.13011713091383614,
      -0.008643855270882999,
      1.0715882020873382
    ],
    "initial_rot": [
      [
        -0.004751596917023788,
        0.9970662922873863,
        0.07639522963523637
      ],
      [
        0.9999687046389643,
        0.0052208654734186835,
        -0.005944098449578994
      ],
      [
        -0.006325509418849427,
        0.0763645948590761,
        -0.9970598961860814
      ]
    ],
    "keypoint_offset": [
      0.02421532365332013,
      -0.05562996300862452,
      0.006987923450901379
    ]
  },
  "337": {
    "geom_id": 75,
    "geom_name": "gripper0_right_wiping_surface_vis",
    "body_id": 14,
    "body_name": "gripper0_right_wiping_gripper",
    "initial_keypoint": [
      -0.10600962444685669,
      -0.04285683698864044,
      1.0785278270217151
    ],
    "initial_pos": [
      -0.13011713091383614,
      -0.008643855270882999,
      1.0715882020873382
    ],
    "initial_rot": [
      [
        -0.004751596917023788,
        0.9970662922873863,
        0.07639522963523637
      ],
      [
        0.9999687046389643,
        0.0052208654734186835,
        -0.005944098449578994
      ],
      [
        -0.006325509418849427,
        0.0763645948590761,
        -0.9970598961860814
      ]
    ],
    "keypoint_offset": [
      0.024107506466979456,
      -0.03421298171775744,
      0.006939624934376942
    ]
  },
  "361": {
    "geom_id": 75,
    "geom_name": "gripper0_right_wiping_surface_vis",
    "body_id": 14,
    "body_name": "gripper0_right_wiping_gripper",
    "initial_keypoint": [
      -0.106119536300606,
      -0.021432304962628008,
      1.078478590163801
    ],
    "initial_pos": [
      -0.13011713091383614,
      -0.008643855270882999,
      1.0715882020873382
    ],
    "initial_rot": [
      [
        -0.004751596917023788,
        0.9970662922873863,
        0.07639522963523637
      ],
      [
        0.9999687046389643,
        0.0052208654734186835,
        -0.005944098449578994
      ],
      [
        -0.006325509418849427,
        0.0763645948590761,
        -0.9970598961860814
      ]
    ],
    "keypoint_offset": [
      0.023997594613230144,
      -0.012788449691745009,
      0.006890388076462806
    ]
  },
  "385": {
    "geom_id": 75,
    "geom_name": "gripper0_right_wiping_surface_vis",
    "body_id": 14,
    "body_name": "gripper0_right_wiping_gripper",
    "initial_keypoint": [
      -0.10622735348694656,
      0.0,
      1.0784302916472766
    ],
    "initial_pos": [
      -0.13011713091383614,
      -0.008643855270882999,
      1.0715882020873382
    ],
    "initial_rot": [
      [
        -0.004751596917023788,
        0.9970662922873863,
        0.07639522963523637
      ],
      [
        0.9999687046389643,
        0.0052208654734186835,
        -0.005944098449578994
      ],
      [
        -0.006325509418849427,
        0.0763645948590761,
        -0.9970598961860814
      ]
    ],
    "keypoint_offset": [
      0.02388977742688958,
      0.008643855270882999,
      0.006842089559938369
    ]
  },
  "409": {
    "geom_id": 75,
    "geom_name": "gripper0_right_wiping_surface_vis",
    "body_id": 14,
    "body_name": "gripper0_right_wiping_gripper",
    "initial_keypoint": [
      -0.106335228858493,
      0.021439931822351124,
      1.0783819670657135
    ],
    "initial_pos": [
      -0.13011713091383614,
      -0.008643855270882999,
      1.0715882020873382
    ],
    "initial_rot": [
      [
        -0.004751596917023788,
        0.9970662922873863,
        0.07639522963523637
      ],
      [
        0.9999687046389643,
        0.0052208654734186835,
        -0.005944098449578994
      ],
      [
        -0.006325509418849427,
        0.0763645948590761,
        -0.9970598961860814
      ]
    ],
    "keypoint_offset": [
      0.02378190205534314,
      0.030083787093234123,
      0.006793764978375361
    ]
  },
  "432": {
    "geom_id": 75,
    "geom_name": "gripper0_right_wiping_surface_vis",
    "body_id": 14,
    "body_name": "gripper0_right_wiping_gripper",
    "initial_keypoint": [
      -0.13889073218186798,
      0.04408149627690257,
      1.0863766197659652
    ],
    "initial_pos": [
      -0.13011713091383614,
      -0.008643855270882999,
      1.0715882020873382
    ],
    "initial_rot": [
      [
        -0.004751596917023788,
        0.9970662922873863,
        0.07639522963523637
      ],
      [
        0.9999687046389643,
        0.0052208654734186835,
        -0.005944098449578994
      ],
      [
        -0.006325509418849427,
        0.0763645948590761,
        -0.9970598961860814
      ]
    ],
    "keypoint_offset": [
      -0.008773601268031839,
      0.05272535154778557,
      0.014788417678627042
    ]
  },
  "433": {
    "geom_id": 75,
    "geom_name": "gripper0_right_wiping_surface_vis",
    "body_id": 14,
    "body_name": "gripper0_right_wiping_gripper",
    "initial_keypoint": [
      -0.10644531526785972,
      0.042887648925843944,
      1.078332652012684
    ],
    "initial_pos": [
      -0.13011713091383614,
      -0.008643855270882999,
      1.0715882020873382
    ],
    "initial_rot": [
      [
        -0.004751596917023788,
        0.9970662922873863,
        0.07639522963523637
      ],
      [
        0.9999687046389643,
        0.0052208654734186835,
        -0.005944098449578994
      ],
      [
        -0.006325509418849427,
        0.0763645948590761,
        -0.9970598961860814
      ]
    ],
    "keypoint_offset": [
      0.023671815645976424,
      0.051531504196726946,
      0.00674444992534573
    ]
  },
  "444": {
    "geom_id": 117,
    "geom_name": "light_cube_g0_vis",
    "body_id": 21,
    "body_name": "light_cube_main",
    "initial_keypoint": [
      -0.011213776565878852,
      0.04984284709743902,
      0.8401699669227323
    ],
    "initial_pos": [
      -0.017817544657311835,
      0.07095630621772633,
      0.8311035596583688
    ],
    "initial_rot": [
      [
        -0.9405206016332405,
        0.33973665964015043,
        0.0
      ],
      [
        -0.33973665964015043,
        -0.9405206016332405,
        0.0
      ],
      [
        0.0,
        0.0,
        1.0
      ]
    ],
    "keypoint_offset": [
      0.006603768091432982,
      -0.021113459120287316,
      0.009066407264363474
    ]
  },
  "467": {
    "geom_id": 117,
    "geom_name": "light_cube_g0_vis",
    "body_id": 21,
    "body_name": "light_cube_main",
    "initial_keypoint": [
      -0.03400155383791614,
      0.07549797990081697,
      0.8529858255569795
    ],
    "initial_pos": [
      -0.017817544657311835,
      0.07095630621772633,
      0.8311035596583688
    ],
    "initial_rot": [
      [
        -0.9405206016332405,
        0.33973665964015043,
        0.0
      ],
      [
        -0.33973665964015043,
        -0.9405206016332405,
        0.0
      ],
      [
        0.0,
        0.0,
        1.0
      ]
    ],
    "keypoint_offset": [
      -0.01618400918060431,
      0.004541673683090636,
      0.021882265898610753
    ]
  },
  "468": {
    "geom_id": 117,
    "geom_name": "light_cube_g0_vis",
    "body_id": 21,
    "body_name": "light_cube_main",
    "initial_keypoint": [
      0.0016105200741855508,
      0.07288873593094564,
      0.8529595510065526
    ],
    "initial_pos": [
      -0.017817544657311835,
      0.07095630621772633,
      0.8311035596583688
    ],
    "initial_rot": [
      [
        -0.9405206016332405,
        0.33973665964015043,
        0.0
      ],
      [
        -0.33973665964015043,
        -0.9405206016332405,
        0.0
      ],
      [
        0.0,
        0.0,
        1.0
      ]
    ],
    "keypoint_offset": [
      0.019428064731497385,
      0.0019324297132193025,
      0.021855991348183834
    ]
  },
  "469": {
    "geom_id": 117,
    "geom_name": "light_cube_g0_vis",
    "body_id": 21,
    "body_name": "light_cube_main",
    "initial_keypoint": [
      0.0016831433052935663,
      0.075476339946523,
      0.8175002106431657
    ],
    "initial_pos": [
      -0.017817544657311835,
      0.07095630621772633,
      0.8311035596583688
    ],
    "initial_rot": [
      [
        -0.9405206016332405,
        0.33973665964015043,
        0.0
      ],
      [
        -0.33973665964015043,
        -0.9405206016332405,
        0.0
      ],
      [
        0.0,
        0.0,
        1.0
      ]
    ],
    "keypoint_offset": [
      0.0195006879626054,
      0.0045200337287966685,
      -0.013603349015203103
    ]
  },
  "515": {
    "geom_id": 119,
    "geom_name": "red_cube_g0_vis",
    "body_id": 22,
    "body_name": "red_cube_main",
    "initial_keypoint": [
      -0.035299513314670405,
      0.12613581242316896,
      0.85177776866433
    ],
    "initial_pos": [
      -0.045788730733062125,
      0.1392623265872718,
      0.8304983131731853
    ],
    "initial_rot": [
      [
        -0.8698000608859318,
        0.4934043515037432,
        0.0
      ],
      [
        -0.4934043515037432,
        -0.8698000608859318,
        0.0
      ],
      [
        0.0,
        0.0,
        1.0
      ]
    ],
    "keypoint_offset": [
      0.01048921741839172,
      -0.013126514164102848,
      0.021279455491144628
    ]
  },
  "516": {
    "geom_id": 119,
    "geom_name": "red_cube_g0_vis",
    "body_id": 22,
    "body_name": "red_cube_main",
    "initial_keypoint": [
      -0.023308114063934182,
      0.12755508316576333,
      0.8281083661417395
    ],
    "initial_pos": [
      -0.045788730733062125,
      0.1392623265872718,
      0.8304983131731853
    ],
    "initial_rot": [
      [
        -0.8698000608859318,
        0.4934043515037432,
        0.0
      ],
      [
        -0.4934043515037432,
        -0.8698000608859318,
        0.0
      ],
      [
        0.0,
        0.0,
        1.0
      ]
    ],
    "keypoint_offset": [
      0.022480616669127942,
      -0.011707243421508473,
      -0.002389947031445794
    ]
  },
  "539": {
    "geom_id": 119,
    "geom_name": "red_cube_g0_vis",
    "body_id": 22,
    "body_name": "red_cube_main",
    "initial_keypoint": [
      -0.035299513314670405,
      0.15136297490780276,
      0.85177776866433
    ],
    "initial_pos": [
      -0.045788730733062125,
      0.1392623265872718,
      0.8304983131731853
    ],
    "initial_rot": [
      [
        -0.8698000608859318,
        0.4934043515037432,
        0.0
      ],
      [
        -0.4934043515037432,
        -0.8698000608859318,
        0.0
      ],
      [
        0.0,
        0.0,
        1.0
      ]
    ],
    "keypoint_offset": [
      0.01048921741839172,
      0.012100648320530955,
      0.021279455491144628
    ]
  },
  "540": {
    "geom_id": 119,
    "geom_name": "red_cube_g0_vis",
    "body_id": 22,
    "body_name": "red_cube_main",
    "initial_keypoint": [
      -0.03269477414097488,
      0.15581167054302886,
      0.8187471136932817
    ],
    "initial_pos": [
      -0.045788730733062125,
      0.1392623265872718,
      0.8304983131731853
    ],
    "initial_rot": [
      [
        -0.8698000608859318,
        0.4934043515037432,
        0.0
      ],
      [
        -0.4934043515037432,
        -0.8698000608859318,
        0.0
      ],
      [
        0.0,
        0.0,
        1.0
      ]
    ],
    "keypoint_offset": [
      0.013093956592087244,
      0.01654934395575705,
      -0.011751199479903662
    ]
  }
}