{
  "300": {
    "geom_id": 119,
    "geom_name": "dark_cube_g0_vis",
    "body_id": 22,
    "body_name": "dark_cube_main",
    "initial_keypoint": [
      0.0030626728354161137,
      -0.09690181427136284,
      0.8544077731089865
    ],
    "initial_pos": [
      -0.000566774599011971,
      -0.0680412619326166,
      0.8318285337986291
    ],
    "initial_rot": [
      [
        -0.6015985715923089,
        0.7987985720180611,
        0.0
      ],
      [
        -0.7987985720180611,
        -0.6015985715923089,
        0.0
      ],
      [
        0.0,
        0.0,
        1.0
      ]
    ],
    "keypoint_offset": [
      0.0036294474344280847,
      -0.028860552338746237,
      0.022579239310357435
    ]
  },
  "324": {
    "geom_id": 119,
    "geom_name": "dark_cube_g0_vis",
    "body_id": 22,
    "body_name": "dark_cube_main",
    "initial_keypoint": [
      0.0030626728354161137,
      -0.07267636070352212,
      0.8544077731089865
    ],
    "initial_pos": [
      -0.000566774599011971,
      -0.0680412619326166,
      0.8318285337986291
    ],
    "initial_rot": [
      [
        -0.6015985715923089,
        0.7987985720180611,
        0.0
      ],
      [
        -0.7987985720180611,
        -0.6015985715923089,
        0.0
      ],
      [
        0.0,
        0.0,
        1.0
      ]
    ],
    "keypoint_offset": [
      0.0036294474344280847,
      -0.004635098770905524,
      0.022579239310357435
    ]
  },
  "325": {
    "geom_id": 119,
    "geom_name": "dark_cube_g0_vis",
    "body_id": 22,
    "body_name": "dark_cube_main",
    "initial_keypoint": [
      0.022498308394544697,
      -0.07232362204181479,
      0.8397432290691802
    ],
    "initial_pos": [
      -0.000566774599011971,
      -0.0680412619326166,
      0.8318285337986291
    ],
    "initial_rot": [
      [
        -0.6015985715923089,
        0.7987985720180611,
        0.0
      ],
      [
        -0.7987985720180611,
        -0.6015985715923089,
        0.0
      ],
      [
        0.0,
        0.0,
        1.0
      ]
    ],
    "keypoint_offset": [
      0.023065082993556668,
      -0.004282360109198191,
      0.007914695270551109
    ]
  },
  "336": {
    "geom_id": 75,
    "geom_name": "gripper0_right_wiping_surface_vis",
    "body_id": 14,
    "body_name": "gripper0_right_wiping_gripper",
    "initial_keypoint": [
      -0.1339039774206634,
      -0.04373742552995474,
      1.0884342879716962
    ],
    "initial_pos": [
      -0.13627521895536757,
      0.0038269720280682683,
      1.0726223229775962
    ],
    "initial_rot": [
      [
        0.02121957383421983,
        0.997589247891814,
        0.06607134157057434
      ],
      [
        0.9997686250145628,
        -0.021406065519239147,
        0.0021158439151487407
      ],
      [
        0.0035250706065734563,
        0.06601115700870157,
        -0.997812658281898
      ]
    ],
    "keypoint_offset": [
      0.002371241534704166,
      -0.04756439755802301,
      0.01581196499409998
    ]
  },
  "337": {
    "geom_id": 75,
    "geom_name": "gripper0_right_wiping_surface_vis",
    "body_id": 14,
    "body_name": "gripper0_right_wiping_gripper",
    "initial_keypoint": [
      -0.11302635296945596,
      -0.043353058134898745,
      1.0753845658219159
    ],
    "initial_pos": [
      -0.13627521895536757,
      0.0038269720280682683,
      1.0726223229775962
    ],
    "initial_rot": [
      [
        0.02121957383421983,
        0.997589247891814,
        0.06607134157057434
      ],
      [
        0.9997686250145628,
        -0.021406065519239147,
        0.0021158439151487407
      ],
      [
        0.0035250706065734563,
        0.06601115700870157,
        -0.997812658281898
      ]
    ],
    "keypoint_offset": [
      0.02324886598591161,
      -0.04718003016296701,
      0.0027622428443196956
    ]
  },
  "346": {
    "geom_id": 121,
    "geom_name": "blue_cube_g0_vis",
    "body_id": 23,
    "body_name": "blue_cube_main",
    "initial_keypoint": [
      -0.07102574565812425,
      -0.05208824644693417,
      0.854084171812874
    ],
    "initial_pos": [
      -0.05424536921147305,
      -0.03322304215327079,
      0.831638850412296
    ],
    "initial_rot": [
      [
        -0.9912730294976917,
        0.1318248117406906,
        0.0
      ],
      [
        -0.1318248117406906,
        -0.9912730294976917,
        0.0
      ],
      [
        0.0,
        0.0,
        1.0
      ]
    ],
    "keypoint_offset": [
      -0.016780376446651202,
      -0.018865204293663375,
      0.022445321400577978
    ]
  },
  "347": {
    "geom_id": 121,
    "geom_name": "blue_cube_g0_vis",
    "body_id": 23,
    "body_name": "blue_cube_main",
    "initial_keypoint": [
      -0.032851416189835225,
      -0.05022358108697276,
      0.8540562994339719
    ],
    "initial_pos": [
      -0.05424536921147305,
      -0.03322304215327079,
      0.831638850412296
    ],
    "initial_rot": [
      [
        -0.9912730294976917,
        0.1318248117406906,
        0.0
      ],
      [
        -0.1318248117406906,
        -0.9912730294976917,
        0.0
      ],
      [
        0.0,
        0.0,
        1.0
      ]
    ],
    "keypoint_offset": [
      0.021393953021637824,
      -0.017000538933701966,
      0.02241744902167586
    ]
  },
  "348": {
    "geom_id": 119,
    "geom_name": "dark_cube_g0_vis",
    "body_id": 22,
    "body_name": "dark_cube_main",
    "initial_keypoint": [
      0.0030646564200411675,
      -0.04845071373810549,
      0.8544097513244835
    ],
    "initial_pos": [
      -0.000566774599011971,
      -0.0680412619326166,
      0.8318285337986291
    ],
    "initial_rot": [
      [
        -0.6015985715923089,
        0.7987985720180611,
        0.0
      ],
      [
        -0.7987985720180611,
        -0.6015985715923089,
        0.0
      ],
      [
        0.0,
        0.0,
        1.0
      ]
    ],
    "keypoint_offset": [
      0.0036314310190531385,
      0.019590548194511108,
      0.022581217525854402
    ]
  },
  "349": {
    "geom_id": 119,
    "geom_name": "dark_cube_g0_vis",
    "body_id": 22,
    "body_name": "dark_cube_main",
    "initial_keypoint": [
      0.008050541052226912,
      -0.04967461178059003,
      0.8243043913836748
    ],
    "initial_pos": [
      -0.000566774599011971,
      -0.0680412619326166,
      0.8318285337986291
    ],
    "initial_rot": [
      [
        -0.6015985715923089,
        0.7987985720180611,
        0.0
      ],
      [
        -0.7987985720180611,
        -0.6015985715923089,
        0.0
      ],
      [
        0.0,
        0.0,
        1.0
      ]
    ],
    "keypoint_offset": [
      0.008617315651238883,
      0.01836665015202657,
      -0.007524142414954249
    ]
  },
  "361": {
    "geom_id": 75,
    "geom_name": "gripper0_right_wiping_surface_vis",
    "body_id": 14,
    "body_name": "gripper0_right_wiping_gripper",
    "initial_keypoint": [
      -0.11257471940206465,
      -0.021660559365487993,
      1.0755868826515231
    ],
    "initial_pos": [
      -0.13627521895536757,
      0.0038269720280682683,
      1.0726223229775962
    ],
    "initial_rot": [
      [
        0.02121957383421983,
        0.997589247891814,
        0.06607134157057434
      ],
      [
        0.9997686250145628,
        -0.021406065519239147,
        0.0021158439151487407
      ],
      [
        0.0035250706065734563,
        0.06601115700870157,
        -0.997812658281898
      ]
    ],
    "keypoint_offset": [
      0.023700499553302917,
      -0.02548753139355626,
      0.0029645596739269475
    ]
  },
  "370": {
    "geom_id": 121,
    "geom_name": "blue_cube_g0_vis",
    "body_id": 23,
    "body_name": "blue_cube_main",
    "initial_keypoint": [
      -0.07102574565812425,
      -0.026044123223467084,
      0.854084171812874
    ],
    "initial_pos": [
      -0.05424536921147305,
      -0.03322304215327079,
      0.831638850412296
    ],
    "initial_rot": [
      [
        -0.9912730294976917,
        0.1318248117406906,
        0.0
      ],
      [
        -0.1318248117406906,
        -0.9912730294976917,
        0.0
      ],
      [
        0.0,
        0.0,
        1.0
      ]
    ],
    "keypoint_offset": [
      -0.016780376446651202,
      0.007178918929803709,
      0.022445321400577978
    ]
  },
  "371": {
    "geom_id": 121,
    "geom_name": "blue_cube_g0_vis",
    "body_id": 23,
    "body_name": "blue_cube_main",
    "initial_keypoint": [
      -0.03551941247327295,
      -0.02523752571431422,
      0.8515731007228454
    ],
    "initial_pos": [
      -0.05424536921147305,
      -0.03322304215327079,
      0.831638850412296
    ],
    "initial_rot": [
      [
        -0.9912730294976917,
        0.1318248117406906,
        0.0
      ],
      [
        -0.1318248117406906,
        -0.9912730294976917,
        0.0
      ],
      [
        0.0,
        0.0,
        1.0
      ]
    ],
    "keypoint_offset": [
      0.0187259567382001,
      0.007985516438956574,
      0.019934250310549406
    ]
  },
  "372": {
    "geom_id": 121,
    "geom_name": "blue_cube_g0_vis",
    "body_id": 23,
    "body_name": "blue_cube_main",
    "initial_keypoint": [
      -0.03543524401419473,
      -0.026102208333718777,
      0.8160140616705124
    ],
    "initial_pos": [
      -0.05424536921147305,
      -0.03322304215327079,
      0.831638850412296
    ],
    "initial_rot": [
      [
        -0.9912730294976917,
        0.1318248117406906,
        0.0
      ],
      [
        -0.1318248117406906,
        -0.9912730294976917,
        0.0
      ],
      [
        0.0,
        0.0,
        1.0
      ]
    ],
    "keypoint_offset": [
      0.018810125197278316,
      0.0071208338195520166,
      -0.015624788741783635
    ]
  },
  "385": {
    "geom_id": 75,
    "geom_name": "gripper0_right_wiping_surface_vis",
    "body_id": 14,
    "body_name": "gripper0_right_wiping_gripper",
    "initial_keypoint": [
      -0.11212366768673132,
      0.0,
      1.0757889388307444
    ],
    "initial_pos": [
      -0.13627521895536757,
      0.0038269720280682683,
      1.0726223229775962
    ],
    "initial_rot": [
      [
        0.02121957383421983,
        0.997589247891814,
        0.06607134157057434
      ],
      [
        0.9997686250145628,
        -0.021406065519239147,
        0.0021158439151487407
      ],
      [
        0.0035250706065734563,
        0.06601115700870157,
        -0.997812658281898
      ]
    ],
    "keypoint_offset": [
      0.024151551268636245,
      -0.0038269720280682683,
      0.003166615853148258
    ]
  },
  "409": {
    "geom_id": 75,
    "geom_name": "gripper0_right_wiping_surface_vis",
    "body_id": 14,
    "body_name": "gripper0_right_wiping_gripper",
    "initial_keypoint": [
      -0.11167331419386761,
      0.021628685799037893,
      1.0759906822295027
    ],
    "initial_pos": [
      -0.13627521895536757,
      0.0038269720280682683,
      1.0726223229775962
    ],
    "initial_rot": [
      [
        0.02121957383421983,
        0.997589247891814,
        0.06607134157057434
      ],
      [
        0.9997686250145628,
        -0.021406065519239147,
        0.0021158439151487407
      ],
      [
        0.0035250706065734563,
        0.06601115700870157,
        -0.997812658281898
      ]
    ],
    "keypoint_offset": [
      0.024601904761499954,
      0.017801713770969625,
      0.003368359251906483
    ]
  },
  "432": {
    "geom_id": 75,
    "geom_name": "gripper0_right_wiping_surface_vis",
    "body_id": 14,
    "body_name": "gripper0_right_wiping_gripper",
    "initial_keypoint": [
      -0.13337194638361705,
      0.04370071702410639,
      1.0886538181876013
    ],
    "initial_pos": [
      -0.13627521895536757,
      0.0038269720280682683,
      1.0726223229775962
    ],
    "initial_rot": [
      [
        0.02121957383421983,
        0.997589247891814,
        0.06607134157057434
      ],
      [
        0.9997686250145628,
        -0.021406065519239147,
        0.0021158439151487407
      ],
      [
        0.0035250706065734563,
        0.06601115700870157,
        -0.997812658281898
      ]
    ],
    "keypoint_offset": [
      0.0029032725717505203,
      0.03987374499603812,
      0.01603149521000513
    ]
  },
  "433": {
    "geom_id": 75,
    "geom_name": "gripper0_right_wiping_surface_vis",
    "body_id": 14,
    "body_name": "gripper0_right_wiping_gripper",
    "initial_keypoint": [
      -0.11122150607085901,
      0.04322541984962691,
      1.076193077254226
    ],
    "initial_pos": [
      -0.13627521895536757,
      0.0038269720280682683,
      1.0726223229775962
    ],
    "initial_rot": [
      [
        0.02121957383421983,
        0.997589247891814,
        0.06607134157057434
      ],
      [
        0.9997686250145628,
        -0.021406065519239147,
        0.0021158439151487407
      ],
      [
        0.0035250706065734563,
        0.06601115700870157,
        -0.997812658281898
      ]
    ],
    "keypoint_offset": [
      0.025053712884508555,
      0.039398447821558644,
      0.003570754276629895
    ]
  },
  "495": {
    "geom_id": 117,
    "geom_name": "light_cube_g0_vis",
    "body_id": 21,
    "body_name": "light_cube_main",
    "initial_keypoint": [
      0.07736367573430358,
      0.09190452789522179,
      0.8311600255286861
    ],
    "initial_pos": [
      0.07070664157406836,
      0.1200900851844626,
      0.8310225569390106
    ],
    "initial_rot": [
      [
        -0.5002453478910177,
        0.8658837057673477,
        0.0
      ],
      [
        -0.8658837057673477,
        -0.5002453478910177,
        0.0
      ],
      [
        0.0,
        0.0,
        1.0
      ]
    ],
    "keypoint_offset": [
      0.00665703416023522,
      -0.028185557289240812,
      0.00013746858967544906
    ]
  },
  "518": {
    "geom_id": 117,
    "geom_name": "light_cube_g0_vis",
    "body_id": 21,
    "body_name": "light_cube_main",
    "initial_keypoint": [
      0.06578618600787661,
      0.11366419940353192,
      0.852750288122619
    ],
    "initial_pos": [
      0.07070664157406836,
      0.1200900851844626,
      0.8310225569390106
    ],
    "initial_rot": [
      [
        -0.5002453478910177,
        0.8658837057673477,
        0.0
      ],
      [
        -0.8658837057673477,
        -0.5002453478910177,
        0.0
      ],
      [
        0.0,
        0.0,
        1.0
      ]
    ],
    "keypoint_offset": [
      -0.00492045556619175,
      -0.0064258857809306735,
      0.02172773118360838
    ]
  },
  "519": {
    "geom_id": 117,
    "geom_name": "light_cube_g0_vis",
    "body_id": 21,
    "body_name": "light_cube_main",
    "initial_keypoint": [
      0.08884710483010821,
      0.1117592435677254,
      0.8452573988892513
    ],
    "initial_pos": [
      0.07070664157406836,
      0.1200900851844626,
      0.8310225569390106
    ],
    "initial_rot": [
      [
        -0.5002453478910177,
        0.8658837057673477,
        0.0
      ],
      [
        -0.8658837057673477,
        -0.5002453478910177,
        0.0
      ],
      [
        0.0,
        0.0,
        1.0
      ]
    ],
    "keypoint_offset": [
      0.01814046325603985,
      -0.008330841616737195,
      0.014234841950240718
    ]
  },
  "520": {
    "geom_id": 117,
    "geom_name": "light_cube_g0_vis",
    "body_id": 21,
    "body_name": "light_cube_main",
    "initial_keypoint": [
      0.09104965915880114,
      0.11559823688546367,
      0.8115490049564161
    ],
    "initial_pos": [
      0.07070664157406836,
      0.1200900851844626,
      0.8310225569390106
    ],
    "initial_rot": [
      [
        -0.5002453478910177,
        0.8658837057673477,
        0.0
      ],
      [
        -0.8658837057673477,
        -0.5002453478910177,
        0.0
      ],
      [
        0.0,
        0.0,
        1.0
      ]
    ],
    "keypoint_offset": [
      0.02034301758473278,
      -0.0044918482989989295,
      -0.019473551982594484
    ]
  },
  "542": {
    "geom_id": 117,
    "geom_name": "light_cube_g0_vis",
    "body_id": 21,
    "body_name": "light_cube_main",
    "initial_keypoint": [
      0.06578618600787661,
      0.1363970392842383,
      0.852750288122619
    ],
    "initial_pos": [
      0.07070664157406836,
      0.1200900851844626,
      0.8310225569390106
    ],
    "initial_rot": [
      [
        -0.5002453478910177,
        0.8658837057673477,
        0.0
      ],
      [
        -0.8658837057673477,
        -0.5002453478910177,
        0.0
      ],
      [
        0.0,
        0.0,
        1.0
      ]
    ],
    "keypoint_offset": [
      -0.00492045556619175,
      0.0163069540997757,
      0.02172773118360838
    ]
  },
  "543": {
    "geom_id": 117,
    "geom_name": "light_cube_g0_vis",
    "body_id": 21,
    "body_name": "light_cube_main",
    "initial_keypoint": [
      0.08534754088294066,
      0.13525259061188266,
      0.840961237947184
    ],
    "initial_pos": [
      0.07070664157406836,
      0.1200900851844626,
      0.8310225569390106
    ],
    "initial_rot": [
      [
        -0.5002453478910177,
        0.8658837057673477,
        0.0
      ],
      [
        -0.8658837057673477,
        -0.5002453478910177,
        0.0
      ],
      [
        0.0,
        0.0,
        1.0
      ]
    ],
    "keypoint_offset": [
      0.014640899308872302,
      0.015162505427420064,
      0.009938681008173411
    ]
  },
  "544": {
    "geom_id": 123,
    "geom_name": "red_cube_g0_vis",
    "body_id": 24,
    "body_name": "red_cube_main",
    "initial_keypoint": [
      0.12174714282002697,
      0.12830515303237705,
      0.8519673368955003
    ],
    "initial_pos": [
      0.14107627982828638,
      0.14218612873546646,
      0.8306527382659531
    ],
    "initial_rot": [
      [
        0.8582034822586229,
        0.5133096366124189,
        0.0
      ],
      [
        -0.5133096366124189,
        0.8582034822586229,
        0.0
      ],
      [
        0.0,
        0.0,
        1.0
      ]
    ],
    "keypoint_offset": [
      -0.019329137008259417,
      -0.01388097570308941,
      0.02131459862954721
    ]
  },
  "545": {
    "geom_id": 123,
    "geom_name": "red_cube_g0_vis",
    "body_id": 24,
    "body_name": "red_cube_main",
    "initial_keypoint": [
      0.1475476558511173,
      0.12452470362977805,
      0.851946376924376
    ],
    "initial_pos": [
      0.14107627982828638,
      0.14218612873546646,
      0.8306527382659531
    ],
    "initial_rot": [
      [
        0.8582034822586229,
        0.5133096366124189,
        0.0
      ],
      [
        -0.5133096366124189,
        0.8582034822586229,
        0.0
      ],
      [
        0.0,
        0.0,
        1.0
      ]
    ],
    "keypoint_offset": [
      0.006471376022830905,
      -0.01766142510568841,
      0.02129363865842293
    ]
  },
  "546": {
    "geom_id": 123,
    "geom_name": "red_cube_g0_vis",
    "body_id": 24,
    "body_name": "red_cube_main",
    "initial_keypoint": [
      0.15509772000513733,
      0.12714402690522897,
      0.826465674141472
    ],
    "initial_pos": [
      0.14107627982828638,
      0.14218612873546646,
      0.8306527382659531
    ],
    "initial_rot": [
      [
        0.8582034822586229,
        0.5133096366124189,
        0.0
      ],
      [
        -0.5133096366124189,
        0.8582034822586229,
        0.0
      ],
      [
        0.0,
        0.0,
        1.0
      ]
    ],
    "keypoint_offset": [
      0.014021440176850947,
      -0.015042101830237492,
      -0.00418706412448111
    ]
  },
  "569": {
    "geom_id": 123,
    "geom_name": "red_cube_g0_vis",
    "body_id": 24,
    "body_name": "red_cube_main",
    "initial_keypoint": [
      0.14755003175147197,
      0.14527784156900195,
      0.8519497343308435
    ],
    "initial_pos": [
      0.14107627982828638,
      0.14218612873546646,
      0.8306527382659531
    ],
    "initial_rot": [
      [
        0.8582034822586229,
        0.5133096366124189,
        0.0
      ],
      [
        -0.5133096366124189,
        0.8582034822586229,
        0.0
      ],
      [
        0.0,
        0.0,
        1.0
      ]
    ],
    "keypoint_offset": [
      0.006473751923185583,
      0.003091712833535487,
      0.02129699606489044
    ]
  },
  "570": {
    "geom_id": 123,
    "geom_name": "red_cube_g0_vis",
    "body_id": 24,
    "body_name": "red_cube_main",
    "initial_keypoint": [
      0.16518875317259651,
      0.14399477209796688,
      0.8417830627264953
    ],
    "initial_pos": [
      0.14107627982828638,
      0.14218612873546646,
      0.8306527382659531
    ],
    "initial_rot": [
      [
        0.8582034822586229,
        0.5133096366124189,
        0.0
      ],
      [
        -0.5133096366124189,
        0.8582034822586229,
        0.0
      ],
      [
        0.0,
        0.0,
        1.0
      ]
    ],
    "keypoint_offset": [
      0.02411247334431013,
      0.0018086433625004172,
      0.011130324460542185
    ]
  }
}